240 342
77
211 231 211 329
104 155 6 155
119 147 119 49
214 223 214 321
103 20 103 118
24 307 24 209
114 155 212 155
119 48 119 5
103 153 103 119
225 155 225 183
7 206 1 180
213 155 239 155
1 177 1 155
214 340 214 322
89 210 71 210
162 214 144 214
180 215 163 215
199 217 216 217
17 207 34 207
53 209 70 209
181 216 198 216
107 211 90 211
35 208 52 208
108 212 125 212
126 213 143 213
103 3 103 19
211 219 211 230
211 341 211 330
106 1 116 1
185 338 194 339
172 336 181 337
239 189 238 198
197 340 206 341
41 315 50 316
79 321 88 322
135 330 144 331
66 319 75 320
225 186 226 195
147 332 156 333
110 326 119 327
122 328 131 329
54 317 63 318
91 323 100 324
217 218 226 218
228 210 230 218
32 313 24 311
237 205 236 213
160 334 168 335
8 206 16 206
105 155 113 155
227 199 227 206
108 325 102 325
119 148 119 154
238 199 237 204
34 314 39 314
232 217 236 216
214 219 214 222
5 155 2 155
182 337 184 338
157 333 159 334
169 335 171 336
132 329 134 330
78 321 76 320
53 317 51 316
24 308 24 310
239 186 239 188
226 198 226 196
228 207 228 209
90 323 89 322
212 341 213 340
64 318 65 319
196 340 195 339
121 328 120 327
90 323 89 322
145 331 146 332
118 3 118 2
104 3 104 2
