168 317
98
144 205 46 131
89 76 89 4
103 4 103 57
104 108 104 58
124 185 160 212
62 138 26 111
96 164 63 139
123 184 97 165
1 91 7 115
152 305 152 284
150 241 150 262
149 219 149 240
45 268 27 259
151 283 151 263
54 272 72 280
153 316 135 308
81 284 99 292
108 296 126 304
36 85 30 103
160 211 165 193
8 117 25 111
123 307 139 314
49 275 33 268
72 285 56 278
93 294 109 301
89 77 89 94
31 183 31 200
74 80 86 92
135 137 123 125
28 235 28 251
34 132 34 148
30 217 30 201
29 234 29 218
32 166 32 182
33 149 33 165
18 261 32 268
122 125 111 114
73 80 62 69
61 69 50 58
136 137 147 148
148 148 159 159
22 193 22 208
92 97 103 107
79 288 92 294
24 163 24 177
26 147 26 133
20 224 20 238
25 148 25 162
19 239 19 253
23 192 23 178
21 209 21 223
22 127 11 119
122 307 110 301
2 65 14 60
35 123 45 131
16 59 28 55
167 176 167 188
40 62 40 74
1 81 1 70
41 61 41 50
148 218 148 208
166 175 166 165
153 315 153 306
30 54 38 51
49 58 43 52
134 308 127 304
46 268 53 272
73 280 80 284
100 292 107 296
151 214 158 212
39 77 37 84
105 109 110 114
165 164 160 159
35 131 35 124
27 125 27 132
27 110 29 104
20 261 26 260
18 260 18 254
27 252 27 258
55 278 50 275
78 288 73 285
2 64 2 69
140 314 144 316
166 192 166 189
147 207 145 206
25 129 23 128
101 2 102 3
87 92 88 93
91 2 90 3
39 51 40 50
90 95 91 96
10 118 9 118
10 118 9 118
10 118 9 118
10 118 9 118
10 118 9 118
10 118 9 118
10 118 9 118
