244 308
184
163 158 65 182
212 143 114 167
113 168 19 191
125 174 196 157
31 197 90 183
164 157 218 144
107 57 107 5
106 110 106 58
122 108 122 58
121 7 121 57
197 157 241 146
22 193 64 182
91 183 124 174
213 142 234 137
237 92 226 77
144 101 160 97
197 86 181 90
233 121 237 137
33 134 49 130
107 112 123 108
15 201 30 197
4 195 18 191
233 120 230 107
131 105 143 102
161 96 173 93
99 115 87 118
20 138 32 135
220 79 208 82
79 121 67 124
15 287 15 275
20 212 20 224
18 237 18 249
17 262 17 250
65 125 54 128
7 142 18 139
14 299 14 288
16 274 16 263
227 83 227 94
19 236 19 225
240 96 242 106
219 160 219 150
222 192 222 182
224 204 224 214
229 258 229 268
21 201 21 211
226 236 226 226
225 225 225 215
220 161 220 171
223 193 223 203
228 247 228 257
207 83 198 85
52 301 61 302
107 293 116 292
184 284 193 283
80 297 89 298
170 286 179 285
66 299 75 298
168 284 177 283
215 277 224 276
59 300 68 301
149 289 158 288
86 296 95 295
154 286 163 285
45 304 54 303
135 291 144 290
73 300 82 299
202 279 211 278
141 288 150 287
17 306 26 307
122 293 131 292
39 303 48 302
101 296 110 295
205 281 214 280
231 242 231 251
223 163 223 172
230 232 230 241
227 237 227 246
224 173 224 182
222 153 222 162
232 261 232 252
226 202 226 193
227 203 227 212
225 192 225 183
221 181 221 172
233 262 233 271
1 158 1 149
229 231 229 222
14 200 6 196
238 138 243 145
234 276 226 278
135 289 127 290
31 304 39 305
188 281 196 280
25 305 33 306
228 213 228 221
242 107 243 114
3 187 4 194
2 177 2 184
13 307 13 300
126 290 120 291
124 107 130 106
96 297 90 298
180 91 174 92
80 120 86 119
106 113 100 114
233 276 227 275
184 282 178 283
196 282 202 282
1 176 1 170
98 294 104 294
230 269 230 275
113 294 119 294
161 287 167 287
217 279 223 279
221 150 219 145
228 95 228 100
2 148 2 143
40 305 44 304
136 289 140 288
201 279 197 280
22 198 22 194
218 145 218 149
97 297 100 296
167 284 164 285
180 285 183 284
148 289 145 290
230 106 229 103
76 298 79 297
53 128 50 129
72 300 69 301
225 77 222 78
234 272 234 275
226 82 226 79
119 2 121 4
237 93 239 95
119 291 117 292
132 292 134 291
49 302 51 301
212 278 214 277
6 142 4 143
187 281 185 282
36 304 38 303
24 305 22 306
151 287 153 286
225 276 225 278
16 307 14 307
57 301 58 300
108 3 109 2
28 307 27 307
215 280 216 280
159 288 160 288
64 299 65 299
204 281 203 281
3 186 3 185
121 293 120 293
63 302 62 302
194 283 195 283
111 295 112 295
243 115 243 116
55 303 56 303
35 306 34 306
169 286 168 286
106 293 105 293
96 295 97 295
84 299 83 299
224 278 224 278
224 278 224 278
224 278 224 278
224 278 224 278
224 278 224 278
224 278 224 278
224 278 224 278
224 278 224 278
224 278 224 278
224 278 224 278
224 278 224 278
224 278 224 278
224 278 224 278
224 278 224 278
224 278 224 278
224 278 224 278
224 278 224 278
224 278 224 278
224 278 224 278
