165 356
51
137 307 40 355
89 123 89 25
30 232 30 330
38 250 38 348
155 155 57 155
105 136 105 38
146 302 146 206
56 155 1 155
39 188 30 226
10 219 1 182
105 3 105 37
40 156 40 185
89 153 89 124
38 222 38 249
1 156 1 181
30 331 30 354
89 24 89 3
105 154 105 137
160 196 163 184
33 223 21 223
83 214 92 213
41 221 50 220
113 209 122 208
149 203 158 202
95 212 104 211
137 205 146 204
125 207 134 206
71 216 80 215
59 218 68 217
20 222 11 222
164 155 156 155
145 303 138 306
38 355 38 349
53 219 58 218
97 1 92 1
39 222 34 222
111 210 106 210
30 227 30 231
35 355 31 355
164 183 164 180
159 200 159 197
70 216 69 217
81 215 82 214
136 205 135 206
124 207 123 208
51 220 52 219
94 212 93 213
148 203 147 204
90 3 90 2
104 3 104 2
101 1 102 1
