168 314
86
157 128 83 226
82 227 18 313
123 158 66 234
9 311 66 235
123 157 151 120
157 112 150 80
32 194 14 220
116 70 134 44
82 120 100 94
66 144 48 170
41 190 57 167
115 82 99 105
47 171 33 193
115 71 101 93
67 143 81 121
26 212 40 191
130 60 116 81
98 106 84 127
72 145 58 166
150 79 144 55
161 42 147 61
1 210 6 232
143 29 163 39
123 9 111 27
61 105 49 123
80 75 92 57
29 154 41 136
142 79 138 59
147 102 143 82
71 71 71 51
103 40 92 56
29 155 18 171
70 91 70 72
73 144 83 128
152 120 147 103
80 76 71 89
18 172 9 185
69 92 61 104
164 22 152 15
140 8 128 1
49 124 41 135
131 12 139 23
111 28 103 39
142 32 135 43
18 238 7 232
4 193 1 205
7 231 13 221
157 113 160 124
21 219 19 230
141 9 151 14
131 59 137 51
11 294 10 303
17 245 16 254
83 60 83 51
13 278 12 286
14 274 14 266
164 23 167 30
128 3 130 10
123 8 127 2
5 192 9 186
84 61 84 68
15 258 15 265
12 287 11 293
73 48 79 47
164 38 167 33
22 218 25 213
153 121 158 123
10 304 9 309
19 231 18 236
17 244 18 239
137 56 135 52
14 313 10 311
142 54 138 52
142 27 139 24
159 125 158 127
16 257 16 255
13 277 13 275
148 61 147 62
148 61 147 62
148 61 147 62
162 40 161 41
143 81 142 80
149 59 150 58
152 55 153 54
138 58 137 57
81 48 80 48
