240 342
94
99 155 1 155
26 324 26 226
137 23 137 121
113 155 211 155
121 140 121 42
29 223 29 321
216 211 216 309
121 3 121 41
137 154 137 122
15 183 15 156
239 155 212 155
233 206 239 180
239 177 239 156
137 3 137 22
29 341 29 322
112 212 130 212
167 209 185 209
75 215 57 215
111 213 94 213
204 207 221 207
131 211 148 211
186 208 203 208
76 214 93 214
149 210 166 210
21 217 38 217
56 216 39 216
26 340 26 325
100 155 112 155
121 141 121 153
20 218 9 218
64 336 73 335
106 329 115 328
136 324 145 323
52 338 61 337
94 331 103 330
148 322 157 321
82 333 91 332
160 320 169 319
2 197 3 206
118 327 127 326
202 313 211 312
184 316 193 315
231 206 222 206
14 194 15 186
181 317 173 318
34 341 42 340
13 198 13 205
1 186 1 193
12 206 12 213
49 339 43 340
4 213 3 207
26 225 26 219
79 334 74 335
129 1 134 1
129 325 134 325
195 314 200 314
212 312 216 310
8 217 4 216
11 217 11 214
29 222 29 219
170 319 172 318
14 197 14 195
2 196 2 194
116 328 117 327
116 328 117 327
116 328 117 327
116 328 117 327
116 328 117 327
116 328 117 327
116 328 117 327
116 328 117 327
116 328 117 327
116 328 117 327
116 328 117 327
116 328 117 327
116 328 117 327
116 328 117 327
116 328 117 327
116 328 117 327
116 328 117 327
182 317 183 316
146 323 147 322
81 333 80 334
28 341 27 340
104 330 105 329
116 328 117 327
158 321 159 320
63 336 62 337
50 339 51 338
92 332 93 331
122 3 122 2
216 210 216 209
136 2 136 3
124 1 125 1
