284 185
57
23 177 121 177
120 51 22 51
230 177 132 177
225 96 127 96
269 90 171 90
145 108 47 108
136 90 38 90
135 51 233 51
259 108 161 108
126 96 43 96
231 177 283 177
7 108 46 108
234 51 270 51
4 90 37 90
170 90 137 90
226 96 258 96
271 136 280 165
13 137 22 109
262 108 271 135
13 138 4 165
148 5 148 29
136 5 136 28
135 50 135 29
1 177 22 177
149 50 149 30
276 70 279 86
5 86 8 70
42 96 26 96
275 108 260 108
160 108 146 108
121 51 134 51
9 63 14 51
275 63 270 52
22 107 26 97
262 107 258 97
1 175 4 166
280 166 283 175
280 90 279 99
5 95 6 104
122 177 131 177
278 107 279 100
277 90 270 90
140 1 146 2
4 93 4 88
17 51 21 51
275 66 276 69
9 66 8 69
283 180 283 183
6 105 7 107
279 87 280 89
1 181 1 183
5 94 5 94
5 94 5 94
5 94 5 94
5 94 5 94
5 94 5 94
139 2 139 2
