165 356
57
20 301 118 351
128 347 128 249
77 18 77 116
136 241 136 339
61 3 61 101
99 155 1 155
20 300 20 206
100 155 164 155
61 102 61 153
136 226 127 188
77 154 77 117
156 219 164 187
126 156 126 185
128 248 128 222
1 178 5 193
136 340 136 355
77 17 77 3
132 223 145 223
136 227 136 240
64 1 74 1
119 351 128 355
61 211 70 212
31 206 40 207
49 209 58 210
79 214 88 215
97 217 106 218
19 204 28 205
109 219 118 220
6 194 8 202
121 221 129 222
154 222 146 222
16 203 9 202
128 348 128 354
95 216 90 216
72 213 77 213
47 208 42 208
134 355 132 355
18 204 17 203
18 204 17 203
18 204 17 203
18 204 17 203
18 204 17 203
18 204 17 203
18 204 17 203
18 204 17 203
18 204 17 203
18 204 17 203
18 204 17 203
18 204 17 203
18 204 17 203
120 221 119 220
29 205 30 206
107 218 108 219
18 204 17 203
59 210 60 211
76 3 76 2
131 222 130 222
