251 242
109
205 11 107 61
219 46 121 94
107 101 9 149
100 64 6 112
142 90 223 50
21 150 101 110
65 141 13 166
169 91 117 116
246 54 194 79
66 141 116 116
244 113 228 64
102 110 141 90
246 42 231 12
4 223 11 191
193 79 170 91
237 29 248 52
17 166 11 190
154 167 176 157
123 181 145 171
63 208 41 218
72 204 94 194
226 134 205 144
248 124 227 134
112 35 112 57
175 167 195 158
32 222 12 231
63 217 83 208
139 183 119 192
242 137 222 146
16 238 36 229
225 1 206 11
185 153 204 144
122 181 103 190
113 34 113 13
125 11 125 31
110 196 92 204
220 45 237 37
221 146 204 154
157 175 140 183
45 225 62 217
126 50 126 32
174 167 158 175
237 28 230 13
246 117 250 133
2 153 12 165
1 126 4 113
108 100 120 95
21 151 18 163
1 236 4 224
1 153 1 141
243 112 246 123
2 236 11 231
227 60 223 51
226 2 230 11
111 196 118 192
153 167 146 171
184 153 177 157
84 208 91 204
37 229 44 225
64 208 71 204
203 154 196 158
40 218 33 222
95 194 102 190
9 241 15 238
243 137 249 134
247 45 249 51
115 8 121 7
101 64 106 61
6 241 2 237
8 150 3 152
237 89 236 92
237 95 238 92
235 89 236 86
226 59 227 62
234 85 235 83
240 99 239 101
229 70 230 68
231 71 230 73
240 104 241 102
242 110 243 108
232 74 231 76
241 107 242 105
238 98 239 96
234 80 233 82
233 77 232 79
229 65 228 67
249 126 247 126
245 116 245 114
246 43 247 44
122 8 123 8
250 129 250 130
227 7 227 7
227 7 227 7
227 7 227 7
227 7 227 7
227 7 227 7
227 7 227 7
227 7 227 7
227 7 227 7
227 7 227 7
227 7 227 7
227 7 227 7
227 7 227 7
227 7 227 7
227 7 227 7
227 7 227 7
227 7 227 7
227 7 227 7
229 11 229 11
