168 314
206
8 124 79 219
76 199 17 120
159 311 100 232
72 201 14 124
110 253 155 313
149 313 107 257
110 252 72 202
80 221 107 256
104 146 128 181
58 78 82 113
57 77 35 44
129 182 151 215
76 200 100 231
103 145 83 114
102 229 102 195
18 80 11 112
22 78 15 110
69 184 50 158
101 162 101 194
108 189 108 221
74 124 58 100
83 203 91 178
22 77 29 52
99 92 85 71
24 55 18 79
7 42 21 61
162 232 167 210
6 40 26 30
73 157 60 139
60 131 73 149
65 40 77 58
128 137 116 119
147 167 159 185
59 161 72 178
66 160 60 140
74 131 62 114
26 79 30 59
97 71 97 51
128 138 139 154
21 100 17 119
54 23 65 39
111 177 115 195
118 246 118 228
25 81 22 98
98 89 98 72
161 230 152 216
90 171 87 155
26 9 40 1
19 13 5 21
107 172 107 188
109 238 109 222
45 9 54 22
99 93 108 106
89 200 92 215
113 181 122 193
66 161 71 175
26 31 34 43
73 132 60 138
116 199 116 213
29 23 37 12
108 107 116 118
147 166 139 155
95 164 91 177
85 70 77 59
160 187 166 199
117 214 117 227
11 123 15 111
78 186 82 174
161 232 150 238
112 193 110 181
85 140 87 152
75 192 82 201
124 259 119 249
122 218 122 207
125 243 125 254
123 230 123 219
61 131 61 120
124 242 124 231
8 123 11 113
97 157 91 149
121 199 127 207
152 288 153 297
152 253 153 262
150 272 151 281
144 223 145 232
114 210 115 219
79 135 80 144
156 286 157 295
81 147 82 156
154 270 155 279
92 183 93 192
51 152 51 143
54 122 54 113
55 103 55 112
59 144 59 153
53 132 53 123
52 142 52 133
85 60 85 51
85 139 80 132
4 22 1 30
110 176 111 184
97 213 98 221
83 159 84 167
116 226 117 234
112 194 113 202
95 201 96 209
147 247 148 255
148 221 149 229
71 187 71 179
149 260 149 268
108 236 103 230
40 3 38 10
32 51 30 58
5 39 1 33
45 8 41 2
154 301 154 308
146 236 146 243
151 242 151 249
158 299 158 306
84 68 84 61
102 163 105 169
93 216 97 221
25 29 29 24
88 157 86 151
166 200 167 206
150 236 149 230
153 263 154 269
87 48 93 47
114 209 113 203
95 163 97 158
25 10 20 12
126 201 127 206
115 220 116 225
155 280 156 285
94 195 95 200
151 282 152 287
125 198 122 194
126 260 126 255
119 243 119 248
121 206 121 201
90 172 92 176
158 312 154 313
89 154 90 150
76 191 77 187
84 169 83 173
88 198 88 194
73 151 73 155
74 129 74 125
56 98 56 102
58 158 58 154
50 153 50 157
60 133 60 137
16 121 13 122
117 235 117 238
148 256 148 259
62 116 62 119
78 133 78 130
97 212 96 210
145 223 147 222
153 300 153 298
152 250 152 252
157 296 157 298
147 244 147 246
145 233 145 235
60 128 60 130
150 241 150 239
159 309 159 307
89 168 89 170
150 271 150 269
155 311 155 309
115 196 115 198
94 194 93 193
113 188 112 187
10 123 9 124
31 51 30 52
83 158 82 157
80 145 81 146
92 182 91 181
95 48 94 48
86 149 86 150
21 99 21 99
21 99 21 99
21 99 21 99
21 99 21 99
21 99 21 99
21 99 21 99
21 99 21 99
21 99 21 99
21 99 21 99
21 99 21 99
21 99 21 99
21 99 21 99
21 99 21 99
21 99 21 99
21 99 21 99
21 99 21 99
91 148 91 148
21 99 21 99
89 199 89 199
87 193 87 193
19 59 19 59
21 99 21 99
88 158 88 158
88 164 88 164
26 80 26 80
85 145 85 145
