244 308
323
87 156 185 180
117 277 134 206
228 200 161 184
86 155 19 139
130 176 66 161
65 161 2 145
186 181 241 194
138 59 138 4
139 60 139 113
124 56 124 4
123 57 123 108
146 233 146 281
145 185 145 232
156 213 156 259
54 283 22 276
160 184 131 176
128 225 122 197
40 279 68 285
49 280 77 285
1 118 1 145
170 243 170 216
171 270 171 244
180 220 180 246
181 273 181 247
161 189 186 195
4 97 19 77
102 288 126 292
11 276 34 280
68 283 91 287
155 212 155 189
157 283 157 260
90 245 80 225
134 205 139 184
23 171 23 192
79 218 79 239
112 246 107 266
138 270 134 250
24 161 24 181
124 201 129 182
101 175 82 171
142 294 161 297
177 299 196 302
68 218 68 237
69 217 69 198
67 257 67 238
25 152 25 171
70 178 70 197
99 186 81 182
105 290 88 286
140 295 123 291
122 196 118 179
99 261 91 246
64 90 48 86
85 97 101 101
122 108 138 112
96 216 80 212
175 123 159 119
196 130 212 134
133 247 130 231
111 195 114 211
124 257 127 273
13 116 10 132
101 185 94 199
114 241 118 226
78 255 78 240
15 237 17 251
17 216 19 230
211 304 225 306
172 271 172 285
26 146 26 160
179 219 179 205
81 184 81 198
108 181 111 194
182 274 182 287
169 202 169 215
87 211 93 200
241 195 230 201
77 94 65 91
209 305 197 302
13 115 16 103
14 266 17 278
225 138 213 135
114 105 102 102
25 79 37 82
114 212 117 224
146 115 158 118
183 126 195 129
18 240 16 228
161 195 163 207
20 186 22 198
19 198 21 210
20 219 18 207
175 299 163 297
223 225 223 213
225 212 225 224
80 199 80 211
228 250 228 262
226 251 226 263
230 287 230 275
227 237 227 249
228 276 228 288
225 250 225 238
161 191 168 200
9 135 2 144
241 143 230 140
222 212 222 201
66 258 66 269
231 299 231 288
229 289 229 300
226 236 226 225
224 226 224 237
227 275 227 264
18 83 18 94
98 263 98 274
224 200 224 211
229 263 229 274
16 268 16 258
80 223 85 215
98 228 100 219
38 83 47 85
80 286 89 288
159 298 150 296
94 288 103 290
169 259 170 268
108 291 117 292
165 225 166 234
164 299 173 300
72 270 81 271
85 259 94 260
163 208 164 217
18 226 19 235
84 226 93 227
243 180 242 189
187 198 188 207
129 294 138 295
71 177 71 168
14 242 14 251
13 252 13 261
23 153 23 162
21 173 21 182
12 271 12 262
22 163 22 172
15 251 15 260
22 190 22 181
147 281 155 283
10 136 18 138
207 305 199 303
221 307 213 305
143 295 151 297
186 302 178 300
17 237 18 245
4 98 3 106
20 224 19 216
112 276 104 275
166 235 167 243
138 280 130 279
168 255 168 247
138 184 131 182
106 291 113 289
153 187 146 185
138 271 140 278
117 179 110 177
180 287 173 285
74 169 81 171
161 201 168 202
73 286 80 287
191 303 198 304
180 205 187 206
20 207 21 214
82 271 89 272
21 196 22 203
2 117 2 110
232 300 232 307
171 280 171 273
17 275 23 277
35 280 41 281
182 125 176 124
78 95 84 96
13 271 14 277
19 197 20 191
165 224 164 218
29 278 23 279
115 106 121 107
126 293 120 293
230 307 230 301
101 184 101 178
185 301 190 303
226 306 231 307
79 258 84 259
106 267 105 272
90 272 95 273
145 114 140 113
136 293 141 294
120 290 115 291
11 277 11 272
27 149 27 144
17 100 17 95
223 193 223 198
243 144 243 149
16 222 16 227
17 257 17 252
94 289 90 288
166 298 162 299
61 283 65 282
71 270 67 269
14 265 14 261
19 82 19 78
15 232 15 236
144 295 147 294
69 285 72 286
128 277 127 274
177 301 174 300
97 228 94 227
130 293 127 294
116 277 113 276
241 193 242 190
85 285 82 286
107 177 108 180
100 217 97 216
16 247 16 250
113 242 113 245
18 206 18 203
80 217 80 214
35 278 38 278
17 212 17 215
24 78 21 78
221 197 221 194
229 139 226 139
157 296 160 296
170 272 170 269
57 282 59 281
160 298 162 297
95 260 97 261
83 226 81 225
18 278 20 277
169 258 169 256
162 196 162 198
152 295 154 295
99 287 97 287
208 303 206 303
179 300 181 300
31 279 33 279
20 183 20 185
194 301 192 301
167 244 167 246
212 306 210 306
174 298 172 298
243 177 243 179
3 107 3 109
133 248 134 249
220 306 221 305
9 134 10 133
123 255 124 256
126 2 125 3
136 2 137 3
222 307 223 307
24 148 24 149
21 204 21 205
141 296 142 296
59 284 58 284
119 292 118 292
13 277 12 277
15 276 15 275
120 184 120 185
99 228 99 229
105 289 106 289
161 193 161 194
45 282 44 282
132 292 133 292
214 305 215 305
228 307 227 307
78 284 79 284
86 212 86 213
127 222 127 223
67 284 66 284
45 279 45 279
45 279 45 279
45 279 45 279
45 279 45 279
45 279 45 279
45 279 45 279
45 279 45 279
45 279 45 279
45 279 45 279
45 279 45 279
45 279 45 279
45 279 45 279
45 279 45 279
45 279 45 279
45 279 45 279
45 279 45 279
45 279 45 279
45 279 45 279
45 279 45 279
45 279 45 279
45 279 45 279
45 279 45 279
124 245 124 245
124 245 124 245
176 299 176 299
87 287 87 287
45 279 45 279
86 285 86 285
200 303 200 303
129 279 129 279
39 279 39 279
16 241 16 241
125 241 125 241
126 237 126 237
45 279 45 279
123 200 123 200
126 218 126 218
210 304 210 304
45 279 45 279
127 233 127 233
17 221 17 221
17 231 17 231
45 279 45 279
43 280 43 280
21 195 21 195
22 199 22 199
120 261 120 261
47 281 47 281
