244 308
328
4 195 100 171
207 144 118 166
125 174 205 155
73 187 15 201
107 59 107 4
121 4 121 57
106 60 106 112
74 187 124 174
87 281 99 232
127 228 127 277
122 107 122 58
126 227 126 179
138 203 138 250
99 229 89 188
206 155 241 146
105 251 112 219
173 168 143 175
182 283 211 278
154 200 154 227
155 228 155 255
208 144 234 137
99 186 105 210
78 298 102 294
153 287 177 283
137 202 137 178
139 251 139 275
60 195 83 189
104 255 109 278
110 183 105 204
224 276 203 281
168 286 189 281
166 238 166 217
222 192 222 171
167 260 167 239
165 195 165 216
117 196 113 216
221 161 221 181
64 244 72 226
102 263 98 282
22 306 41 303
220 171 220 152
68 251 78 267
237 92 226 77
50 303 67 299
64 301 81 297
99 296 116 292
66 205 83 201
140 290 157 286
120 293 137 289
55 259 55 242
54 260 54 277
56 241 56 224
65 220 65 237
57 206 57 223
83 202 76 217
117 167 101 171
138 102 154 98
71 122 87 118
105 211 109 227
230 107 233 123
113 242 116 258
226 215 223 199
156 256 156 272
113 294 128 290
229 227 227 241
228 216 226 230
153 199 153 185
63 259 63 273
234 273 222 279
116 259 119 272
64 245 64 258
117 195 120 183
28 135 40 132
184 89 172 92
48 129 60 126
214 80 202 83
120 108 108 111
11 140 23 137
167 94 155 97
100 114 88 117
125 106 137 103
197 85 185 88
236 135 243 145
230 238 228 250
143 179 145 191
81 272 81 284
20 224 20 212
164 194 164 182
18 237 18 249
66 219 66 207
19 263 19 251
20 250 20 238
17 250 17 262
15 275 15 287
22 213 22 225
17 276 17 288
43 304 54 301
82 230 71 232
53 289 53 278
19 225 19 236
16 263 16 274
227 94 227 83
18 264 18 275
21 237 21 226
23 201 23 212
14 288 14 299
16 300 16 289
218 279 228 275
141 288 131 292
236 134 233 124
242 106 240 96
3 143 1 153
225 188 223 198
229 258 229 268
168 271 168 261
225 225 225 215
21 211 21 201
145 177 152 184
113 241 110 232
151 288 142 290
165 286 156 288
24 307 33 305
110 294 101 296
193 280 202 282
205 281 214 279
231 266 229 275
170 286 179 284
61 125 70 123
119 278 110 280
61 301 52 303
75 299 66 301
87 298 96 296
227 226 226 235
68 243 77 242
64 287 73 286
1 172 2 181
88 283 97 282
184 284 193 283
150 227 151 236
232 256 231 265
68 274 77 273
82 232 82 241
174 180 174 171
58 205 58 196
230 251 230 260
223 172 223 163
227 203 227 212
233 271 233 262
231 251 231 242
222 153 222 162
226 202 226 193
6 196 14 200
223 77 215 79
120 181 112 183
165 182 173 180
122 293 130 291
128 277 136 275
135 177 127 179
72 225 76 218
224 197 225 205
229 247 228 255
13 307 21 306
153 250 152 242
147 206 148 214
157 272 165 271
224 177 223 185
83 200 83 192
33 306 40 304
82 299 75 300
61 288 54 289
146 198 147 205
2 182 3 189
219 153 219 160
243 110 243 117
154 254 154 261
228 278 234 275
67 250 65 244
107 112 101 113
41 131 47 130
92 187 98 186
10 141 4 142
146 186 152 185
218 144 219 150
24 200 24 194
13 306 13 300
149 218 149 224
155 262 155 268
224 208 224 214
219 278 214 280
195 283 190 281
103 257 102 262
145 192 146 197
114 294 119 294
15 306 15 301
230 237 230 232
49 304 44 304
22 193 22 198
228 95 228 100
219 146 221 150
151 289 155 288
4 194 3 190
79 268 80 272
179 285 183 284
85 296 89 297
151 237 152 241
1 154 1 158
227 246 227 242
223 190 223 186
225 183 225 187
229 226 229 222
226 216 226 220
119 273 120 276
86 298 83 299
67 274 64 275
78 242 81 241
203 280 200 279
229 241 228 238
229 103 230 106
94 296 91 295
78 285 75 285
162 285 159 285
136 291 139 291
232 255 232 252
201 84 198 84
226 82 226 79
171 93 168 93
27 136 24 136
64 241 64 238
224 173 224 176
124 107 121 107
199 282 196 282
237 93 239 95
166 284 168 285
104 254 105 252
40 305 42 305
242 107 242 109
68 233 66 233
61 302 63 302
228 213 228 215
142 288 144 288
165 287 167 287
98 297 96 297
146 287 148 287
153 251 153 253
143 178 143 176
105 293 107 293
110 295 112 295
232 273 232 271
44 302 46 302
26 305 24 305
223 193 223 195
148 217 148 215
113 217 112 218
78 273 79 272
63 287 62 288
67 243 66 244
109 2 108 3
119 2 120 3
218 149 218 148
23 307 22 307
99 295 98 295
215 277 214 277
233 277 234 277
119 291 120 291
107 244 107 245
1 170 1 171
30 304 31 304
228 257 228 256
86 283 87 283
71 298 72 298
38 304 37 304
19 307 18 307
144 181 144 182
150 225 150 226
106 248 106 249
103 261 103 261
103 261 103 261
103 261 103 261
103 261 103 261
103 261 103 261
103 261 103 261
103 261 103 261
103 261 103 261
103 261 103 261
103 261 103 261
103 261 103 261
103 261 103 261
103 261 103 261
103 261 103 261
103 261 103 261
103 261 103 261
103 261 103 261
103 261 103 261
103 261 103 261
103 261 103 261
103 261 103 261
103 261 103 261
103 261 103 261
103 261 103 261
103 261 103 261
103 261 103 261
103 261 103 261
103 261 103 261
103 261 103 261
103 261 103 261
103 261 103 261
101 266 101 266
226 236 226 236
224 182 224 182
103 261 103 261
140 289 140 289
64 300 64 300
228 221 228 221
103 261 103 261
158 287 158 287
103 203 103 203
228 231 228 231
103 261 103 261
134 290 134 290
227 278 227 278
234 272 234 272
163 286 163 286
217 278 217 278
101 189 101 189
225 277 225 277
103 261 103 261
143 184 143 184
109 236 109 236
