240 342
190
26 210 26 308
214 226 214 324
102 155 4 155
103 10 103 108
212 219 212 317
211 228 211 326
237 155 139 155
119 50 119 148
24 207 24 303
133 231 133 317
122 315 122 230
58 219 58 304
158 237 158 321
147 236 147 319
98 221 108 273
66 244 66 295
103 155 103 109
119 3 119 49
225 190 225 156
104 155 138 155
82 299 67 269
97 312 104 281
107 264 114 236
1 155 1 182
93 284 87 310
205 341 181 336
125 327 149 332
180 337 156 332
124 328 100 323
7 206 2 183
212 318 212 341
88 220 92 242
93 243 97 264
114 300 110 280
43 314 63 318
103 294 108 313
144 214 162 214
89 210 71 210
98 266 94 283
103 239 107 222
34 207 17 207
52 208 35 208
163 215 180 215
53 209 70 209
126 213 143 213
181 216 198 216
125 212 108 212
216 217 199 217
90 211 107 211
76 246 82 232
73 253 67 267
214 325 214 340
79 320 93 323
211 341 211 327
114 235 117 222
160 225 147 225
66 230 66 243
117 313 114 301
139 225 146 235
198 339 210 341
143 278 143 267
146 313 146 302
145 301 145 290
140 232 140 243
60 219 71 219
141 244 141 255
107 270 104 280
237 206 235 216
82 270 82 260
106 1 116 1
168 238 168 228
142 256 142 266
144 279 144 289
82 220 72 220
35 314 26 310
173 335 182 337
142 330 151 332
226 194 227 203
69 230 78 231
69 269 78 270
154 333 163 334
139 224 139 233
226 218 217 218
238 199 238 190
122 223 131 223
120 326 128 329
47 316 39 313
103 325 95 322
41 315 33 312
71 318 79 321
90 321 98 324
70 319 62 317
156 321 148 319
88 310 96 312
131 317 123 315
68 297 76 298
58 306 66 307
72 308 80 309
24 312 24 304
82 231 82 223
16 206 8 206
211 227 211 219
82 301 82 309
74 259 81 260
159 237 166 238
146 236 139 236
116 222 109 222
90 221 97 221
228 214 228 207
109 313 115 314
103 3 103 9
161 226 167 226
214 219 214 225
146 224 140 224
73 252 76 247
25 311 30 313
229 218 234 217
119 149 119 154
122 229 122 224
133 225 133 230
237 205 237 200
183 338 188 338
239 189 239 184
77 298 81 299
67 307 71 308
155 332 151 331
69 319 65 319
109 274 109 278
56 316 60 316
89 321 86 321
74 320 71 320
132 329 129 329
107 325 104 325
104 255 105 253
104 248 103 250
53 317 53 315
113 325 115 325
84 320 82 320
167 335 165 335
190 339 192 339
226 191 226 193
117 326 119 326
227 206 227 204
136 330 134 330
81 231 79 231
194 338 196 338
229 215 229 217
111 326 109 326
50 316 48 316
169 334 171 334
81 270 79 270
76 319 78 319
138 329 140 329
70 258 68 258
101 240 102 239
102 245 103 244
99 224 98 225
101 234 100 235
100 229 99 230
208 340 207 340
2 155 3 155
106 259 106 258
67 230 68 230
118 3 118 2
104 2 104 3
239 155 238 155
26 208 26 209
73 259 72 259
152 333 153 333
38 313 38 313
38 313 38 313
38 313 38 313
38 313 38 313
38 313 38 313
38 313 38 313
38 313 38 313
38 313 38 313
38 313 38 313
38 313 38 313
38 313 38 313
32 312 32 312
38 313 38 313
196 340 196 340
115 327 115 327
52 315 52 315
38 313 38 313
61 317 61 317
26 309 26 309
80 321 80 321
25 312 25 312
