251 242
214
73 24 171 74
202 129 108 83
100 79 12 35
246 112 172 74
29 50 9 112
164 130 214 154
26 64 74 87
203 129 249 152
97 98 143 120
27 1 72 24
26 57 13 97
116 168 133 134
78 119 97 150
26 2 10 33
241 193 234 161
149 134 149 165
192 138 164 125
102 96 75 82
118 135 111 106
248 223 241 194
4 124 26 135
139 35 139 11
79 111 100 122
96 98 75 87
78 118 99 128
23 63 3 52
103 162 114 142
81 92 101 102
193 214 173 205
97 171 117 180
75 157 55 148
211 222 231 231
193 210 173 201
129 190 109 181
59 154 79 163
113 174 133 183
41 146 21 137
104 170 84 161
231 227 211 218
135 188 155 197
163 130 144 120
27 135 46 144
153 192 134 183
140 36 140 57
249 239 244 219
174 167 178 187
238 192 242 212
237 189 233 169
233 163 215 154
1 132 19 141
172 201 154 192
127 31 127 11
128 130 122 111
210 226 228 234
55 157 73 165
100 177 82 169
174 210 192 218
165 206 147 198
28 145 46 153
3 128 20 137
126 50 126 32
194 214 210 222
58 154 42 146
172 205 156 197
134 188 118 180
130 190 146 198
96 171 80 163
209 226 193 218
210 218 194 210
15 29 22 13
77 150 93 157
170 148 173 165
4 52 12 37
76 150 61 142
150 166 150 183
4 50 9 34
247 238 232 231
244 241 229 234
160 148 160 164
232 227 246 234
76 141 90 147
87 112 99 103
159 147 159 132
161 180 161 165
250 154 240 165
137 158 141 172
169 146 166 132
68 101 66 115
8 111 5 124
109 98 120 104
132 141 135 153
129 170 126 158
65 119 63 131
133 133 138 122
179 195 189 201
231 149 234 160
141 179 131 174
176 155 176 166
175 154 175 143
184 142 194 146
105 163 115 167
70 90 68 100
177 177 177 167
160 187 151 183
133 110 142 114
229 152 231 161
186 157 187 166
148 124 148 133
80 106 80 97
156 121 148 117
250 232 248 224
250 121 248 113
54 157 47 153
81 169 74 165
76 157 83 161
173 210 166 206
27 145 20 141
105 170 112 174
47 144 54 148
97 151 96 159
167 133 174 137
108 181 101 177
190 188 189 180
76 130 75 138
185 151 184 143
79 113 79 105
162 189 162 181
178 188 180 195
72 80 71 87
188 169 188 176
191 191 191 198
169 131 165 126
101 80 107 82
128 131 130 137
129 8 135 7
165 132 164 126
77 126 78 120
63 132 62 138
78 117 83 114
91 147 96 150
143 178 141 173
25 6 23 11
117 136 115 141
81 93 81 98
128 114 126 118
15 30 13 34
120 105 122 109
100 123 99 127
8 117 9 113
185 152 186 156
178 178 178 182
174 142 174 138
129 112 131 109
137 157 136 154
140 118 141 115
244 218 243 215
110 100 110 103
232 164 232 167
192 202 192 199
158 126 158 123
193 143 193 140
148 121 148 118
66 116 65 118
10 105 11 107
11 102 12 104
12 99 13 101
246 241 248 240
250 237 249 235
77 127 76 129
235 164 237 165
166 129 165 127
9 108 10 110
62 139 61 141
4 123 6 123
189 179 189 177
158 131 158 129
78 114 78 116
2 129 2 131
125 157 125 155
85 113 86 112
70 89 71 88
238 191 237 190
138 121 139 120
243 214 242 213
130 171 130 172
102 98 102 97
7 119 7 120
230 150 230 151
3 126 3 127
190 189 190 190
187 168 187 167
5 121 5 120
136 8 137 8
4 126 4 127
14 98 14 98
14 98 14 98
14 98 14 98
14 98 14 98
14 98 14 98
14 98 14 98
14 98 14 98
14 98 14 98
14 98 14 98
14 98 14 98
14 98 14 98
14 98 14 98
14 98 14 98
14 98 14 98
17 89 17 89
16 92 16 92
26 4 26 4
125 122 125 122
127 128 127 128
28 52 28 52
