168 314
209
50 262 124 164
85 223 17 313
160 122 95 209
92 199 37 272
141 133 92 198
13 312 50 263
125 163 156 121
37 273 9 310
150 79 157 111
150 96 143 64
146 63 164 36
84 171 84 203
134 43 116 69
31 194 49 168
83 118 65 144
83 170 83 139
91 177 91 146
100 93 84 117
30 195 14 219
36 268 52 246
50 167 64 145
115 70 101 92
156 120 150 97
75 191 69 168
66 193 61 171
1 209 6 231
143 28 163 38
35 143 47 125
82 70 94 52
99 156 104 177
145 90 149 110
71 70 71 50
136 50 140 69
95 134 98 153
72 189 69 208
45 218 56 203
44 249 55 234
55 112 65 97
111 25 121 10
17 171 27 156
70 71 70 89
130 1 145 10
107 104 97 118
45 215 45 232
52 201 56 185
141 132 151 119
82 71 73 84
17 172 8 185
46 226 55 213
102 39 111 26
95 210 85 222
69 209 66 224
90 130 90 145
92 178 92 193
146 64 150 78
57 176 49 188
65 196 63 210
61 218 59 232
147 11 159 18
55 113 47 124
102 40 94 51
133 14 141 25
27 155 35 144
142 76 145 89
4 191 1 204
135 42 142 31
101 156 101 143
41 218 41 205
38 246 38 259
39 232 39 245
18 237 7 231
65 229 58 239
54 188 47 198
100 130 100 142
40 219 40 231
7 230 13 220
140 52 143 63
77 196 80 207
112 104 106 113
94 132 99 123
73 218 79 210
102 167 102 157
109 141 109 151
46 205 46 215
108 130 108 140
167 29 163 20
157 112 160 121
54 233 46 228
51 202 49 211
78 153 80 144
72 217 70 208
24 222 23 231
18 271 17 280
76 163 75 172
72 157 71 166
16 287 15 296
20 220 19 229
107 120 107 129
44 233 44 242
83 50 83 59
110 152 110 161
85 202 90 195
44 196 49 189
126 2 121 9
67 162 62 169
149 111 152 119
143 53 146 61
128 1 130 9
88 131 84 138
55 236 54 244
10 301 9 309
19 263 20 255
13 277 12 285
11 294 12 286
16 252 15 260
14 265 14 273
109 169 105 175
69 90 65 96
17 241 17 248
21 243 21 250
22 242 22 235
16 313 10 311
73 47 79 46
19 264 18 270
77 156 76 162
94 130 93 124
56 211 56 205
42 204 42 198
57 184 57 178
84 60 84 66
111 98 108 103
11 295 10 300
14 302 15 297
16 286 17 281
19 230 18 235
14 305 13 310
75 151 78 147
5 190 8 186
74 174 74 179
37 265 37 260
111 162 111 167
112 98 112 103
99 124 99 129
106 119 106 114
43 248 43 243
47 199 47 204
94 123 96 119
62 212 62 216
46 218 46 222
71 88 73 85
165 35 167 32
65 228 66 225
59 233 58 236
73 153 72 156
141 71 141 74
20 251 20 254
76 192 76 195
68 164 68 167
15 264 15 261
155 121 153 120
162 20 160 19
139 51 137 50
131 11 132 13
157 122 159 123
21 221 23 222
72 188 73 186
157 47 157 45
153 53 153 51
48 213 48 215
18 238 18 240
13 274 13 276
23 232 23 234
102 173 102 175
155 50 155 48
95 123 97 123
16 249 16 251
142 53 141 52
99 155 98 154
70 168 71 167
150 55 151 54
159 44 160 43
77 155 78 154
66 194 65 195
101 169 101 170
103 170 103 171
80 47 81 47
142 26 142 27
103 177 103 178
47 217 47 218
63 211 63 211
63 211 63 211
63 211 63 211
63 211 63 211
63 211 63 211
63 211 63 211
63 211 63 211
63 211 63 211
63 211 63 211
63 211 63 211
70 198 70 198
70 198 70 198
63 211 63 211
70 198 70 198
70 198 70 198
61 217 61 217
63 211 63 211
75 173 75 173
142 75 142 75
56 188 56 188
