165 356
171
24 304 122 353
77 117 77 19
61 121 61 23
132 225 132 323
128 254 128 352
136 253 136 351
8 155 106 155
20 301 20 204
75 223 75 315
23 293 23 204
81 319 81 232
96 326 96 240
89 323 89 238
39 216 39 298
68 324 132 355
43 228 43 290
107 155 164 155
60 320 22 302
136 226 127 188
164 187 155 222
77 118 77 154
61 122 61 154
128 253 128 222
132 354 132 324
126 186 126 156
52 227 46 253
136 252 136 227
66 267 63 286
86 256 86 275
61 3 61 22
52 300 48 282
85 255 85 237
88 295 88 313
87 294 87 276
5 193 1 178
52 306 39 300
62 238 64 252
145 223 132 223
77 18 77 5
47 281 44 269
62 297 59 309
52 219 40 216
64 282 62 294
66 266 64 254
61 229 63 241
84 225 84 237
64 1 74 1
52 258 52 268
59 272 58 281
88 226 97 227
103 218 112 219
67 276 68 285
68 250 67 259
25 205 34 206
115 220 124 221
65 226 64 235
49 209 58 210
73 213 82 214
71 225 70 234
68 286 69 295
55 219 56 228
57 237 58 246
61 211 70 212
60 268 60 259
102 232 102 241
64 305 64 296
23 303 23 294
85 228 88 236
16 203 8 201
61 228 59 220
37 207 45 208
85 215 93 216
154 222 146 222
59 258 59 250
70 300 70 308
51 268 44 265
44 255 51 258
44 228 51 230
45 254 44 261
56 229 57 236
56 293 56 300
69 238 69 245
57 292 57 285
67 323 61 320
44 292 50 295
6 194 7 200
55 301 55 307
1 155 7 155
66 221 71 223
123 353 128 355
126 222 131 222
52 226 52 221
81 231 81 226
65 311 65 306
101 217 96 217
70 315 66 313
79 319 75 317
94 326 90 324
101 241 97 240
64 274 65 278
18 204 22 204
71 309 71 313
63 295 63 291
52 305 52 301
98 227 101 228
65 225 66 222
76 223 79 224
68 246 68 249
69 296 69 299
67 275 67 272
133 355 136 355
63 248 63 251
48 209 46 208
87 226 85 225
58 309 56 308
22 303 20 302
86 238 88 239
65 269 65 271
70 237 70 235
58 282 58 284
61 298 61 300
65 263 65 265
67 260 67 262
58 247 58 249
59 271 59 269
136 354 136 352
58 220 56 220
72 213 71 212
59 210 60 211
113 219 114 220
36 207 35 206
83 214 84 215
95 216 94 216
62 296 62 295
62 3 62 2
76 2 76 3
64 260 64 259
64 236 64 237
65 257 65 256
61 306 61 306
61 306 61 306
61 306 61 306
61 306 61 306
61 306 61 306
61 306 61 306
61 306 61 306
61 306 61 306
61 306 61 306
61 306 61 306
61 306 61 306
61 306 61 306
61 306 61 306
61 306 61 306
61 306 61 306
61 306 61 306
61 306 61 306
61 306 61 306
61 306 61 306
61 306 61 306
61 306 61 306
61 306 61 306
61 306 61 306
61 306 61 306
61 306 61 306
61 306 61 306
61 306 61 306
61 306 61 306
61 306 61 306
61 306 61 306
61 306 61 306
61 306 61 306
