240 342
211
214 209 214 307
216 309 216 211
121 36 121 134
137 5 137 103
28 336 28 238
26 219 26 317
72 155 170 155
29 224 29 322
72 226 72 320
142 312 142 225
152 222 152 304
174 307 174 230
165 231 165 308
1 155 71 155
82 237 82 307
239 155 171 155
137 154 137 104
136 221 127 270
106 315 117 269
76 334 110 328
15 189 15 156
121 3 121 35
124 254 117 223
118 311 124 283
129 276 134 303
239 182 239 156
59 336 35 341
114 255 109 231
130 325 154 321
160 320 184 316
233 206 238 183
106 329 129 325
26 318 26 340
53 338 73 334
28 237 28 217
128 314 123 295
127 222 122 241
190 315 209 312
121 154 121 135
100 307 90 292
130 212 112 212
167 209 185 209
57 215 75 215
29 341 29 323
131 211 148 211
221 207 204 207
203 208 186 208
94 213 111 213
39 216 56 216
166 210 149 210
76 214 93 214
38 217 21 217
98 241 93 253
85 272 90 260
83 281 90 291
100 224 88 224
87 225 75 225
169 220 157 220
157 221 164 230
117 267 114 256
124 282 127 271
30 341 41 339
181 219 170 219
100 266 100 277
9 218 20 218
127 265 124 255
3 206 5 216
107 317 117 315
74 334 84 332
100 227 100 237
164 292 164 302
161 270 161 260
124 1 134 1
158 228 158 238
160 249 160 259
2 200 2 190
162 281 162 271
14 193 13 202
84 320 93 319
86 237 95 236
107 223 116 223
182 221 182 230
222 206 231 206
163 291 163 282
100 309 100 318
159 248 159 239
137 221 129 222
80 321 72 322
90 278 98 277
84 309 92 308
12 209 11 217
142 221 150 221
150 311 143 312
135 304 136 311
157 232 164 231
157 229 157 222
96 267 89 267
210 312 216 310
109 230 107 224
93 308 99 307
166 308 172 307
129 314 135 313
83 279 89 278
175 230 181 230
93 254 90 259
87 331 92 332
12 208 13 203
152 305 152 310
1 184 1 189
85 273 83 277
118 312 117 316
118 326 122 327
98 331 94 330
159 320 155 321
189 315 185 316
3 205 3 201
29 223 29 219
28 337 28 341
128 275 128 271
74 335 70 335
152 322 149 321
128 326 125 325
146 323 143 322
137 323 140 324
94 319 97 318
115 327 112 327
99 236 96 236
134 324 131 324
104 330 101 330
176 318 174 317
170 319 168 318
99 238 98 240
81 321 83 320
180 317 182 317
46 338 44 338
214 308 214 310
66 336 68 336
99 266 97 266
142 224 142 222
162 319 164 319
6 217 8 217
48 339 50 339
83 237 85 237
14 190 14 192
199 313 200 314
86 333 85 332
63 335 64 335
205 313 206 313
136 3 137 3
119 308 119 309
194 314 193 314
120 297 120 298
85 268 84 268
122 2 122 3
216 210 216 209
126 265 126 265
126 265 126 265
126 265 126 265
126 265 126 265
126 265 126 265
126 265 126 265
126 265 126 265
126 265 126 265
126 265 126 265
126 265 126 265
126 265 126 265
126 265 126 265
126 265 126 265
126 265 126 265
126 265 126 265
126 265 126 265
126 265 126 265
126 265 126 265
126 265 126 265
126 265 126 265
126 265 126 265
126 265 126 265
126 265 126 265
126 265 126 265
126 265 126 265
126 265 126 265
126 265 126 265
126 265 126 265
126 265 126 265
126 265 126 265
126 265 126 265
126 265 126 265
126 265 126 265
126 265 126 265
126 265 126 265
126 265 126 265
126 265 126 265
126 265 126 265
126 265 126 265
126 265 126 265
126 265 126 265
126 265 126 265
126 265 126 265
126 265 126 265
126 265 126 265
126 265 126 265
126 265 126 265
32 340 32 340
125 281 125 281
123 286 123 286
126 265 126 265
42 339 42 339
156 320 156 320
52 338 52 338
122 247 122 247
60 336 60 336
