165 356
142
40 355 138 306
38 225 38 323
105 125 105 27
89 34 89 132
57 155 155 155
64 329 64 231
146 204 146 302
34 242 34 340
30 324 30 226
143 301 143 204
106 221 106 310
111 221 111 308
38 354 108 319
118 228 118 304
123 228 123 302
70 240 70 312
1 155 56 155
144 302 109 319
30 225 39 188
73 273 81 237
11 222 2 187
40 186 40 156
89 33 89 3
1 156 1 185
30 325 30 354
105 126 105 154
38 352 38 324
71 285 81 310
105 26 105 3
115 230 115 252
89 133 89 154
117 273 117 293
116 272 116 253
34 241 34 222
81 321 65 329
64 228 81 225
94 294 96 308
92 230 94 244
34 355 34 341
127 216 114 219
160 196 163 184
81 280 81 268
33 223 21 223
114 220 114 231
102 1 92 1
97 263 97 273
71 314 80 310
71 283 80 280
149 203 158 201
41 221 50 220
90 277 89 286
101 301 102 310
65 217 74 216
86 231 87 240
107 210 116 209
88 293 87 302
88 245 89 254
95 252 96 261
53 219 62 218
83 214 92 213
99 285 100 294
101 232 100 241
125 207 134 206
95 212 104 211
93 301 92 309
102 223 101 231
96 228 95 236
91 316 84 320
95 285 94 293
91 265 91 273
96 273 96 281
12 222 20 222
81 312 81 320
127 219 127 227
156 155 164 155
98 263 98 255
81 228 81 236
99 246 99 254
71 281 73 274
145 204 138 205
89 255 90 262
98 280 98 273
86 313 86 306
145 303 139 306
74 270 80 268
115 221 117 227
103 221 97 223
90 223 92 229
94 245 95 251
86 230 85 224
77 239 71 240
92 310 91 315
88 292 89 287
100 295 101 300
76 215 81 215
118 208 123 208
110 220 106 220
97 310 97 314
39 222 35 222
98 314 101 312
110 308 107 310
87 241 88 244
119 304 122 303
96 227 97 224
89 223 86 224
159 200 159 197
95 284 95 281
85 314 85 317
164 180 164 183
100 242 100 245
99 281 99 284
124 228 126 227
137 205 135 206
78 239 80 238
95 239 95 237
33 355 31 355
96 262 96 264
90 276 90 274
87 303 87 305
93 300 93 298
116 230 117 229
148 203 147 204
94 212 93 213
51 220 52 219
106 210 105 211
64 217 63 218
92 235 93 234
90 2 90 3
64 229 64 230
104 2 104 3
90 264 90 263
95 298 95 297
93 241 93 240
72 271 71 271
38 224 38 224
38 224 38 224
38 224 38 224
38 224 38 224
38 224 38 224
38 224 38 224
38 224 38 224
38 224 38 224
