251 241
227
199 14 101 64
156 77 60 124
94 67 4 113
157 76 237 37
1 153 59 124
250 131 231 72
144 103 90 129
65 141 13 166
194 79 246 54
193 79 145 103
114 143 101 183
248 127 235 87
179 81 149 96
8 204 1 236
231 12 245 40
133 120 133 151
225 1 200 14
87 125 62 137
237 29 249 53
89 129 66 141
14 178 8 203
160 137 154 113
72 204 94 194
205 144 227 134
176 157 154 167
41 218 63 208
123 181 145 171
230 73 223 50
113 35 113 11
64 171 84 160
128 188 148 179
62 213 82 204
242 137 222 146
78 194 58 203
12 231 32 222
180 160 200 151
44 221 24 230
63 217 83 208
195 158 175 167
25 234 45 225
151 173 171 164
229 138 249 129
131 182 111 191
4 240 23 230
228 138 209 147
103 190 122 181
83 204 102 195
63 192 82 183
185 153 204 144
112 57 112 36
8 219 3 239
68 143 86 133
15 189 19 169
150 173 132 182
228 134 246 125
125 11 125 31
101 200 119 192
85 153 67 161
157 175 174 167
213 150 196 158
66 171 81 182
126 32 126 50
62 217 46 225
61 213 45 221
84 208 100 200
14 191 11 208
96 166 90 182
134 152 134 169
119 126 114 142
230 13 237 28
165 154 161 138
74 154 82 140
126 170 120 156
145 124 145 139
146 140 146 155
144 108 144 123
108 164 115 177
21 149 18 163
11 240 24 234
3 154 12 165
88 189 100 183
120 155 115 144
111 134 106 123
119 125 123 114
181 87 171 93
1 125 4 114
17 166 14 177
1 152 1 141
144 164 135 169
159 98 150 102
96 165 100 156
117 111 126 107
230 11 226 2
248 50 245 41
101 144 98 135
132 105 140 100
151 103 153 112
21 161 23 152
58 145 57 154
173 106 174 115
56 160 55 169
66 154 65 163
53 182 52 191
176 126 177 135
132 119 132 110
63 185 63 176
162 130 162 121
96 121 104 117
49 207 57 203
124 173 116 176
176 150 168 153
8 218 10 210
33 222 40 218
149 179 156 175
66 168 70 161
102 190 95 194
221 146 214 150
201 151 208 147
110 191 103 195
153 167 146 171
178 140 179 148
184 153 177 157
250 133 243 137
64 208 71 204
179 160 172 164
120 192 127 188
51 197 50 205
143 107 143 99
164 148 164 140
160 103 160 111
161 112 161 120
163 131 163 139
100 155 103 148
112 120 109 127
81 192 82 185
54 179 54 172
147 156 147 163
229 65 231 71
97 134 95 128
121 7 115 8
176 125 175 119
67 150 68 144
172 103 172 97
100 64 95 67
6 234 11 231
114 140 111 135
115 112 113 117
64 169 65 164
84 154 84 159
62 191 62 186
83 139 85 135
88 187 90 183
227 61 226 57
56 159 57 155
155 97 151 96
51 196 52 192
93 122 94 126
73 155 72 158
178 139 177 136
59 139 59 142
64 175 64 172
165 149 165 152
20 164 20 167
159 99 159 102
234 80 233 82
232 79 233 77
235 83 234 85
67 151 66 153
3 235 2 237
105 121 104 119
231 76 232 74
175 118 174 116
125 109 124 111
149 97 150 99
87 129 87 127
180 82 180 84
171 96 171 94
166 154 167 153
173 105 173 104
132 106 132 107
55 170 55 171
122 8 123 8
102 146 102 145
53 180 53 181
22 151 22 150
3 238 3 238
3 238 3 238
3 238 3 238
3 238 3 238
3 238 3 238
3 238 3 238
3 238 3 238
3 238 3 238
3 238 3 238
3 238 3 238
3 238 3 238
3 238 3 238
3 238 3 238
3 238 3 238
3 238 3 238
3 238 3 238
3 238 3 238
3 238 3 238
3 238 3 238
3 238 3 238
3 238 3 238
3 238 3 238
3 238 3 238
3 238 3 238
3 238 3 238
3 238 3 238
3 238 3 238
3 238 3 238
3 238 3 238
245 120 245 120
246 123 246 123
243 114 243 114
3 238 3 238
237 89 237 89
113 145 113 145
227 7 227 7
3 238 3 238
236 86 236 86
229 11 229 11
104 172 104 172
106 166 106 166
224 52 224 52
