268 294
180
116 292 214 292
254 112 156 112
14 292 112 292
102 168 200 168
115 112 17 112
4 176 102 176
243 293 145 293
239 176 141 176
42 293 140 293
79 168 1 168
119 184 137 256
265 168 201 168
141 59 141 4
127 59 127 4
142 60 142 112
126 60 126 112
117 279 129 231
150 279 150 230
149 229 149 182
162 208 162 255
117 226 106 182
215 292 259 292
155 112 116 112
140 176 103 176
76 210 76 242
93 279 61 279
168 182 200 182
10 293 41 293
131 227 138 198
99 182 70 182
77 196 77 223
114 241 107 264
161 184 161 207
163 256 163 279
78 194 99 194
240 176 261 176
80 168 101 168
138 257 143 277
192 227 192 207
179 225 179 205
98 223 78 223
194 248 194 268
97 235 77 235
96 267 76 267
181 246 181 266
193 247 193 228
180 245 180 226
95 201 86 217
11 287 11 269
257 269 257 287
255 267 255 250
256 260 256 277
13 267 13 250
12 260 12 277
254 257 254 241
15 247 15 231
14 241 14 257
143 182 139 197
66 190 66 205
252 222 252 237
253 232 253 247
63 238 63 253
16 237 16 222
266 144 266 129
258 293 258 278
1 144 1 159
65 221 65 206
64 237 64 222
267 160 267 145
62 254 62 269
93 262 85 250
17 213 17 227
75 257 75 243
250 217 250 203
10 278 10 292
116 279 102 279
251 213 251 227
2 143 2 129
18 203 18 217
130 279 127 266
77 237 84 248
244 293 257 293
19 194 19 207
249 207 249 194
126 196 129 184
168 185 170 197
182 276 180 264
191 194 191 206
247 175 247 187
21 175 21 187
248 197 248 185
20 197 20 185
16 112 4 112
114 240 118 229
107 265 103 276
170 185 177 194
201 194 190 194
82 224 77 233
96 269 96 279
141 279 131 279
195 269 195 279
178 204 178 194
3 128 3 118
161 279 151 279
182 279 192 279
265 118 265 128
124 256 126 265
173 217 174 226
171 203 172 212
177 244 178 253
150 182 159 182
109 182 118 182
175 230 176 238
98 226 97 234
176 194 168 194
78 203 78 195
99 193 99 185
201 185 201 193
133 182 141 182
264 176 267 169
246 177 246 170
22 177 22 170
74 265 74 258
61 277 61 270
67 182 67 189
255 112 261 112
179 262 179 256
98 195 96 200
1 170 3 175
264 112 264 117
83 222 85 218
176 239 177 243
170 198 171 202
4 117 4 113
182 271 182 267
9 288 9 292
95 266 93 263
173 216 172 213
141 293 144 293
125 197 125 200
259 288 259 291
175 229 174 227
181 275 181 273
13 292 11 292
115 292 113 292
128 3 129 2
139 2 140 3
182 278 182 277
128 240 128 239
168 184 168 183
130 231 130 232
168 190 168 191
178 254 178 255
130 183 130 182
129 236 129 235
119 187 119 187
119 187 119 187
119 187 119 187
119 187 119 187
119 187 119 187
119 187 119 187
119 187 119 187
119 187 119 187
119 187 119 187
119 187 119 187
119 187 119 187
119 187 119 187
119 187 119 187
119 187 119 187
119 187 119 187
119 187 119 187
119 187 119 187
119 187 119 187
119 187 119 187
119 187 119 187
127 243 127 243
118 183 118 183
121 195 121 195
124 249 124 249
125 251 125 251
