59 200
97
52 94 52 81
53 108 53 95
50 53 50 66
57 150 57 163
56 149 56 136
51 80 51 67
55 135 55 122
6 102 6 114
3 151 3 139
8 77 8 89
54 121 54 109
5 126 5 115
7 101 7 90
9 76 9 65
10 53 10 64
2 152 2 163
4 138 4 127
15 8 22 1
15 23 16 32
44 8 44 17
37 1 43 7
1 171 1 164
58 164 58 171
11 46 11 52
49 46 49 52
12 164 12 164
8 168 8 168
44 197 44 197
37 155 37 155
8 187 8 187
51 187 51 187
25 29 25 29
46 37 46 37
53 182 53 182
47 191 47 191
46 188 46 188
23 192 23 192
6 179 6 179
6 179 6 179
4 166 4 166
22 199 22 199
17 161 17 161
6 179 6 179
6 179 6 179
6 179 6 179
17 194 17 194
47 164 47 164
53 179 53 179
6 179 6 179
5 174 5 174
23 196 23 196
54 177 54 177
6 172 6 172
54 174 54 174
58 183 58 183
6 179 6 179
51 161 51 161
12 191 12 191
6 179 6 179
43 33 43 33
55 189 55 189
30 193 30 193
18 191 18 191
23 159 23 159
6 179 6 179
14 157 14 157
36 196 36 196
6 179 6 179
6 179 6 179
1 183 1 183
6 179 6 179
6 179 6 179
6 179 6 179
6 179 6 179
13 37 13 37
6 179 6 179
6 179 6 179
6 179 6 179
6 179 6 179
35 29 35 29
6 179 6 179
6 179 6 179
51 168 51 168
6 179 6 179
6 179 6 179
6 179 6 179
41 191 41 191
11 41 11 41
6 179 6 179
6 179 6 179
39 31 39 31
6 179 6 179
6 179 6 179
6 179 6 179
9 184 9 184
9 193 9 193
36 159 36 159
