127 195
89
101 5 90 27
81 125 91 103
77 134 67 156
105 72 95 94
105 71 114 52
58 176 67 157
6 151 14 139
60 66 68 54
20 129 28 117
50 82 43 93
28 116 35 106
53 77 60 67
75 43 68 53
119 33 125 24
126 9 119 1
14 138 20 130
36 104 41 96
81 126 77 133
95 95 91 102
3 156 6 152
78 38 75 42
119 34 116 38
106 1 103 4
113 1 117 1
51 81 53 78
46 185 48 185
8 159 7 160
50 182 51 181
42 94 42 95
6 163 6 163
48 191 48 191
112 39 112 39
48 166 48 166
1 161 1 161
7 165 7 165
8 170 8 170
33 154 33 154
50 171 50 171
114 43 114 43
11 175 11 175
96 28 96 28
55 183 55 183
23 189 23 189
18 186 18 186
101 29 101 29
19 183 19 183
19 183 19 183
40 190 40 190
1 167 1 167
19 183 19 183
13 182 13 182
42 187 42 187
19 183 19 183
35 191 35 191
19 183 19 183
106 32 106 32
2 173 2 173
47 159 47 159
19 183 19 183
51 176 51 176
11 156 11 156
7 152 7 152
80 35 80 35
41 154 41 154
19 183 19 183
19 183 19 183
19 148 19 148
19 183 19 183
19 183 19 183
53 188 53 188
19 183 19 183
19 183 19 183
19 183 19 183
19 183 19 183
29 191 29 191
19 183 19 183
19 183 19 183
19 183 19 183
19 183 19 183
15 153 15 153
19 183 19 183
19 183 19 183
22 192 22 192
19 183 19 183
19 183 19 183
19 183 19 183
45 188 45 188
13 149 13 149
31 188 31 188
