125 195
84
75 70 123 167
63 140 84 175
48 114 63 139
18 55 6 39
18 56 30 72
30 36 41 25
12 39 27 36
2 15 12 5
47 113 40 101
84 176 91 187
52 28 56 40
63 59 59 47
34 1 44 8
17 3 29 1
64 61 68 72
47 15 51 26
10 37 2 31
36 81 30 73
1 31 6 38
43 17 43 23
57 41 58 46
1 23 1 18
44 16 44 11
37 96 39 100
36 8 36 6
14 8 15 9
23 4 24 5
11 12 10 11
65 60 64 60
34 91 34 91
26 33 26 33
40 20 40 20
112 193 112 193
98 193 98 193
32 81 32 81
94 191 94 191
16 35 16 35
65 94 65 94
33 6 33 6
32 86 32 86
38 24 38 24
8 32 8 32
5 24 5 24
4 22 4 22
70 90 70 90
75 80 75 80
31 31 31 31
70 62 70 62
53 98 53 98
32 4 32 4
70 62 70 62
70 62 70 62
4 26 4 26
19 7 19 7
21 35 21 35
70 62 70 62
73 66 73 66
26 33 26 33
40 12 40 12
6 29 6 29
6 29 6 29
6 29 6 29
70 62 70 62
70 62 70 62
7 14 7 14
70 62 70 62
70 62 70 62
123 184 123 184
48 98 48 98
6 29 6 29
41 16 41 16
6 29 6 29
70 62 70 62
70 62 70 62
6 29 6 29
70 62 70 62
70 62 70 62
70 62 70 62
117 191 117 191
6 29 6 29
70 62 70 62
70 62 70 62
6 29 6 29
55 86 55 86
