53 292
66
5 158 5 125
2 259 2 226
3 225 3 192
6 91 6 124
4 159 4 191
42 36 42 7
51 204 51 232
47 89 47 117
52 233 52 261
11 35 11 7
48 146 48 118
49 175 49 147
50 176 50 203
12 63 12 36
41 37 41 60
7 90 7 74
1 276 1 260
46 74 46 88
20 1 33 1
41 6 34 2
18 2 12 6
7 283 7 281
21 63 23 63
30 63 32 63
48 286 48 284
8 289 8 291
45 291 45 289
46 281 46 283
5 284 5 286
27 63 27 61
37 63 37 64
21 287 21 287
21 287 21 287
21 287 21 287
32 280 32 280
49 290 49 290
8 285 8 285
19 279 19 279
13 279 13 279
32 287 32 287
34 279 34 279
44 69 44 69
16 287 16 287
42 290 42 290
21 280 21 280
27 280 27 280
11 290 11 290
52 288 52 288
37 287 37 287
40 279 40 279
12 66 12 66
45 285 45 285
47 288 47 288
15 281 15 281
1 284 1 284
42 286 42 286
11 282 11 282
21 287 21 287
50 282 50 282
9 69 9 69
21 287 21 287
21 287 21 287
46 71 46 71
21 287 21 287
21 287 21 287
12 286 12 286
