122 287
93
42 10 60 84
32 118 41 147
59 202 68 231
77 259 68 232
41 148 50 175
59 201 50 176
17 4 32 1
24 13 9 16
32 117 27 103
82 274 77 260
106 213 110 227
80 127 84 141
97 184 93 170
121 265 118 252
12 45 16 57
2 12 13 6
98 186 101 198
114 241 111 229
73 103 76 115
92 168 89 156
88 155 85 143
102 199 105 211
20 67 24 78
1 16 5 27
37 6 27 12
72 102 69 91
9 38 6 29
80 126 77 117
115 242 117 251
17 59 20 66
24 79 27 86
33 1 40 1
2 16 8 16
11 44 10 39
39 4 34 4
4 13 1 14
30 94 30 96
34 97 36 97
30 2 30 4
33 2 35 2
59 89 58 90
61 85 61 86
45 96 46 96
57 92 56 92
40 3 40 2
29 105 29 105
5 28 5 28
28 10 28 10
36 5 36 5
15 14 15 14
63 99 63 99
18 7 18 7
37 3 37 3
53 94 53 94
8 12 8 12
89 285 89 285
66 96 66 96
8 15 8 15
32 106 32 106
11 15 11 15
63 86 63 86
7 10 7 10
10 10 10 10
5 15 5 15
10 10 10 10
10 10 10 10
10 10 10 10
10 10 10 10
10 10 10 10
10 10 10 10
10 10 10 10
10 10 10 10
10 10 10 10
10 10 10 10
10 10 10 10
10 10 10 10
58 101 58 101
26 101 26 101
118 280 118 280
14 8 14 8
17 5 17 5
34 96 34 96
114 283 114 283
84 280 84 280
1 15 1 15
10 10 10 10
120 276 120 276
19 13 19 13
22 5 22 5
10 10 10 10
42 97 42 97
10 10 10 10
68 89 68 89
