47 199
103
3 149 3 130
46 90 46 109
4 150 4 169
45 110 45 129
2 129 2 110
43 169 43 150
1 90 1 109
44 130 44 149
1 13 1 29
30 36 14 36
33 36 44 27
46 10 35 2
12 2 1 10
2 26 12 34
46 25 46 13
43 57 42 66
5 62 6 71
3 39 3 48
42 179 42 170
5 170 5 179
44 48 43 56
42 67 41 75
4 49 4 57
2 30 2 38
45 44 45 36
46 35 46 31
5 61 5 58
44 47 44 45
24 2 24 4
14 4 14 6
40 12 40 10
33 4 33 6
7 10 7 12
37 7 37 8
10 8 10 7
42 15 42 14
43 18 43 18
18 33 18 33
46 85 46 85
29 33 29 33
33 197 33 197
44 89 44 89
14 31 14 31
20 88 20 88
40 94 40 94
4 70 4 70
14 197 14 197
4 70 4 70
4 18 4 18
7 190 7 190
4 70 4 70
4 70 4 70
33 31 33 31
1 85 1 85
17 99 17 99
4 70 4 70
24 99 24 99
42 186 42 186
6 75 6 75
4 70 4 70
4 70 4 70
4 22 4 22
1 75 1 75
6 25 6 25
4 70 4 70
40 190 40 190
37 194 37 194
4 70 4 70
30 99 30 99
44 70 44 70
19 198 19 198
30 99 30 99
30 99 30 99
41 25 41 25
30 99 30 99
30 99 30 99
30 99 30 99
30 99 30 99
36 86 36 86
30 99 30 99
4 70 4 70
4 70 4 70
30 99 30 99
4 70 4 70
4 70 4 70
4 70 4 70
30 99 30 99
30 99 30 99
4 70 4 70
4 70 4 70
35 97 35 97
4 70 4 70
4 70 4 70
4 70 4 70
35 97 35 97
35 97 35 97
18 3 18 3
4 70 4 70
7 94 7 94
4 70 4 70
43 22 43 22
43 22 43 22
19 5 19 5
