127 195
97
36 103 46 125
22 72 32 94
50 134 60 156
22 71 13 52
60 157 69 176
102 122 112 137
87 98 77 83
61 58 71 73
11 38 3 24
96 112 87 99
52 44 61 57
121 151 112 138
36 25 32 15
96 113 102 121
71 74 77 82
1 9 7 3
46 126 50 133
32 95 36 102
21 1 27 6
8 1 13 1
49 39 52 43
121 152 124 156
81 185 79 185
77 182 76 181
120 160 119 159
47 35 47 35
96 188 96 188
41 30 41 30
94 154 94 154
116 156 116 156
111 189 111 189
98 191 98 191
126 167 126 167
76 176 76 176
114 183 114 183
79 166 79 166
122 168 122 168
72 183 72 183
72 183 72 183
13 48 13 48
15 39 15 39
82 188 82 188
72 183 72 183
72 183 72 183
72 183 72 183
126 162 126 162
83 161 83 161
75 165 75 165
72 183 72 183
77 171 77 171
113 180 113 180
92 191 92 191
86 154 86 154
31 28 31 28
121 173 121 173
72 183 72 183
108 183 108 183
72 171 72 171
72 183 72 183
94 154 94 154
120 152 120 152
120 152 120 152
108 148 108 148
119 170 119 170
72 183 72 183
118 178 118 178
109 186 109 186
72 183 72 183
72 183 72 183
102 186 102 186
72 183 72 183
72 183 72 183
72 183 72 183
72 183 72 183
106 152 106 152
72 183 72 183
72 183 72 183
72 183 72 183
72 183 72 183
72 183 72 183
72 183 72 183
72 183 72 183
120 165 120 165
72 183 72 183
72 183 72 183
72 183 72 183
36 28 36 28
36 28 36 28
72 183 72 183
72 183 72 183
87 190 87 190
72 183 72 183
72 183 72 183
72 183 72 183
36 28 36 28
36 28 36 28
105 193 105 193
