122 287
91
64 77 83 1
52 242 44 268
67 196 75 170
59 221 67 197
90 123 82 147
82 148 75 169
52 241 59 222
34 159 38 143
23 194 19 210
33 160 29 176
6 254 10 238
51 99 47 115
42 132 46 116
15 221 11 237
24 193 28 177
109 4 96 1
109 15 96 12
95 10 84 4
121 11 110 6
44 269 40 280
94 111 90 122
105 61 101 72
111 45 107 56
115 35 118 26
97 82 94 91
39 142 41 133
16 220 18 211
112 16 121 16
5 255 3 263
54 90 52 98
98 80 101 73
112 43 114 36
116 11 121 12
107 57 105 60
86 3 87 5
90 1 90 3
97 2 97 4
113 8 113 10
67 91 68 92
119 14 118 14
119 25 119 24
89 97 89 96
93 93 93 92
112 15 112 15
57 87 57 87
82 106 82 106
84 97 84 97
55 88 55 88
101 5 101 5
3 276 3 276
55 93 55 93
87 107 87 107
78 96 78 96
60 99 60 99
104 13 104 13
38 283 38 283
118 13 118 13
15 285 15 285
62 86 62 86
10 283 10 283
93 96 93 96
91 106 91 106
6 280 6 280
6 280 6 280
70 103 70 103
6 280 6 280
6 280 6 280
6 280 6 280
6 280 6 280
6 280 6 280
6 280 6 280
6 280 6 280
6 280 6 280
6 280 6 280
6 280 6 280
6 280 6 280
6 280 6 280
6 280 6 280
94 2 94 2
94 2 94 2
94 2 94 2
96 103 96 103
106 4 106 4
1 272 1 272
88 2 88 2
6 280 6 280
76 105 76 105
102 3 102 3
6 280 6 280
6 280 6 280
109 8 109 8
