123 287
81
78 59 92 5
37 162 24 201
50 124 38 161
63 86 51 123
23 202 11 239
94 126 89 146
79 182 84 162
77 187 72 207
106 83 101 103
65 232 70 212
4 259 10 240
64 85 70 66
53 274 58 255
100 104 96 121
59 254 63 237
85 161 88 147
116 38 112 50
122 10 115 3
120 28 117 36
100 1 93 5
112 2 105 1
108 77 107 82
122 15 122 20
111 51 110 55
64 236 64 233
95 125 95 122
78 186 78 183
71 208 71 211
87 61 90 61
121 25 120 27
46 282 46 284
40 276 42 276
12 277 10 277
1 268 1 270
99 65 100 64
50 285 51 284
32 284 33 285
94 63 93 62
18 269 17 268
22 281 21 282
5 270 5 271
30 272 30 271
14 268 14 268
10 271 10 271
17 279 17 279
18 275 18 275
2 272 2 272
38 281 38 281
41 285 41 285
45 281 45 281
42 281 42 281
108 74 108 74
13 273 13 273
72 64 72 64
33 280 33 280
7 269 7 269
47 279 47 279
9 275 9 275
103 68 103 68
39 286 39 286
80 60 80 60
27 283 27 283
44 285 44 285
3 267 3 267
3 267 3 267
3 267 3 267
3 267 3 267
3 267 3 267
3 267 3 267
3 267 3 267
3 267 3 267
3 267 3 267
3 267 3 267
3 267 3 267
3 267 3 267
3 267 3 267
28 279 28 279
3 267 3 267
43 279 43 279
9 268 9 268
11 267 11 267
