125 194
86
50 70 3 164
81 108 67 132
58 146 48 164
95 35 110 38
100 64 109 52
100 65 91 77
82 23 93 33
66 133 59 145
47 165 40 177
112 47 120 36
114 6 124 15
88 96 81 107
73 29 68 41
113 38 123 31
99 1 111 3
79 13 75 24
68 42 64 53
80 10 82 21
81 9 89 2
34 187 39 178
63 55 60 64
89 80 85 86
124 24 124 18
112 48 109 51
75 25 73 28
2 167 3 165
118 14 118 16
111 9 111 7
91 1 90 2
91 78 90 79
102 4 101 5
81 11 81 10
89 6 89 7
59 66 59 65
120 19 120 18
93 86 93 86
9 191 9 191
61 79 61 79
119 29 119 29
84 16 84 16
115 10 115 10
121 22 121 22
92 6 92 6
64 54 64 54
5 188 5 188
99 33 99 33
113 34 113 34
97 5 97 5
87 24 87 24
70 86 70 86
31 190 31 190
50 80 50 80
104 34 104 34
72 98 72 98
13 193 13 193
98 3 98 3
62 82 62 82
74 88 74 88
13 193 13 193
13 193 13 193
90 28 90 28
85 20 85 20
83 97 83 97
13 193 13 193
52 85 52 85
93 4 93 4
13 193 13 193
13 193 13 193
91 91 91 91
13 193 13 193
13 193 13 193
13 193 13 193
13 193 13 193
13 193 13 193
113 5 113 5
13 193 13 193
13 193 13 193
13 193 13 193
121 26 121 26
56 90 56 90
13 193 13 193
13 193 13 193
79 12 79 12
13 193 13 193
13 193 13 193
1 170 1 170
