268 294
78
125 292 223 292
181 176 83 176
160 112 62 112
155 168 253 168
86 170 184 170
36 168 134 168
167 112 263 112
103 292 9 292
182 176 261 176
82 176 4 176
22 170 85 170
185 170 246 170
5 112 61 112
141 59 141 4
127 4 127 57
126 58 126 110
142 111 142 60
259 292 224 292
1 168 35 168
104 292 124 292
154 168 135 168
1 144 1 159
267 160 267 145
265 168 254 168
264 118 265 127
21 180 20 189
12 264 11 273
18 203 18 212
255 259 255 250
15 240 15 231
13 259 13 250
247 175 247 184
250 212 250 203
10 287 10 278
252 222 252 231
258 287 258 278
3 125 2 133
22 171 21 179
266 136 266 144
19 202 19 194
256 260 256 268
253 232 253 240
16 230 16 222
251 221 251 213
257 269 257 277
254 241 254 249
14 249 14 241
17 213 17 221
248 185 248 193
249 202 249 194
264 176 267 169
5 113 4 120
2 136 2 143
1 170 3 175
265 128 266 133
9 288 9 293
166 112 161 112
263 113 264 117
3 124 4 121
20 193 20 190
12 263 12 260
11 277 11 274
259 288 259 291
246 174 246 171
139 2 140 3
128 3 128 3
128 3 128 3
128 3 128 3
128 3 128 3
128 3 128 3
128 3 128 3
128 3 128 3
128 3 128 3
128 3 128 3
128 3 128 3
128 3 128 3
128 3 128 3
128 3 128 3
