168 314
89
11 129 85 227
86 228 149 313
17 120 76 199
76 200 131 273
159 311 131 274
35 44 59 79
105 147 81 112
151 215 127 180
60 80 80 111
126 179 106 148
18 80 11 112
19 58 1 33
111 167 127 190
69 105 53 82
52 81 38 60
142 212 128 191
84 127 70 106
110 166 96 145
18 79 24 55
167 210 162 232
6 39 26 30
95 85 83 67
121 126 133 144
19 111 23 91
24 88 28 68
97 51 97 71
95 144 85 128
57 26 47 11
75 54 65 39
113 113 103 98
160 186 150 171
98 72 98 90
161 230 152 216
32 51 28 67
5 21 19 13
40 1 26 9
150 170 141 157
34 43 26 31
121 125 113 114
83 66 75 55
57 27 65 38
133 145 141 156
35 15 27 26
161 232 150 238
11 113 8 125
147 219 149 230
161 188 166 198
157 294 158 303
85 56 84 65
151 245 152 254
1 30 4 22
19 112 16 120
155 279 154 271
153 266 153 258
38 10 40 3
37 58 33 52
99 91 103 97
42 3 46 9
156 287 155 280
167 205 166 199
143 213 146 218
25 10 20 12
15 121 10 123
156 288 157 293
150 239 151 244
150 236 149 231
159 309 158 304
87 48 91 47
85 51 85 55
95 86 97 89
19 59 21 62
158 312 155 313
154 267 154 270
25 29 26 27
36 14 37 12
10 128 9 126
152 257 152 255
17 56 16 55
24 89 23 90
3 35 2 34
94 48 95 48
84 66 84 67
5 38 5 38
5 38 5 38
5 38 5 38
5 38 5 38
5 38 5 38
5 38 5 38
5 38 5 38
