168 317
90
20 208 117 135
79 4 79 92
64 56 64 108
65 4 65 55
83 155 123 124
56 175 24 200
57 175 77 159
161 115 167 91
127 51 149 58
141 131 159 118
16 284 16 305
19 219 19 240
17 283 17 262
3 193 8 213
123 268 141 259
18 261 18 241
87 284 69 292
15 316 33 308
42 304 60 296
114 272 96 280
134 123 118 134
138 103 132 85
141 111 159 116
139 112 124 123
101 283 85 290
23 201 9 211
137 183 137 200
34 136 46 124
108 67 96 79
166 64 150 59
136 182 136 166
138 201 138 217
135 149 135 165
134 132 134 148
139 234 139 218
140 235 140 251
150 261 136 268
10 158 21 147
58 113 47 124
95 79 84 90
72 101 83 90
22 147 33 136
78 293 64 299
122 274 108 280
50 305 36 311
145 178 145 193
115 61 126 51
142 147 142 133
147 223 147 209
148 238 148 224
149 239 149 253
144 163 144 177
143 148 143 162
146 208 146 194
63 299 51 305
135 268 123 274
1 175 1 188
35 311 24 316
127 62 127 50
128 63 128 74
167 82 167 71
18 215 9 213
20 209 20 218
2 174 2 165
15 306 15 315
9 158 3 164
71 101 65 107
95 280 88 284
61 296 68 292
115 272 122 268
41 304 34 308
129 77 131 84
114 62 109 67
141 125 141 132
133 131 133 124
139 104 141 110
148 261 142 260
150 254 150 260
141 252 141 258
79 293 84 290
107 280 102 283
63 109 59 113
166 70 166 65
81 156 78 159
139 125 135 124
2 192 2 189
67 2 66 3
77 2 77 2
77 2 77 2
77 2 77 2
