251 242
96
153 65 55 15
61 60 155 106
123 96 29 50
156 66 248 113
231 150 139 104
177 117 249 152
22 62 74 87
12 35 60 59
191 143 143 120
24 64 8 113
120 109 75 87
237 165 192 143
241 191 248 223
27 1 54 15
19 16 6 42
241 190 235 166
4 124 26 135
139 11 139 35
142 120 121 109
176 116 156 106
118 185 138 194
231 227 211 218
182 205 202 214
104 170 124 179
55 148 35 139
173 201 153 192
75 157 95 166
133 183 152 192
140 57 140 36
19 141 1 132
21 62 3 53
250 236 232 227
74 157 56 148
127 11 127 31
192 218 210 226
147 198 165 206
100 177 82 169
55 157 37 149
219 230 237 238
183 214 166 206
64 161 81 169
126 32 126 50
101 177 117 185
36 149 20 141
15 29 22 13
12 37 4 52
138 103 124 97
26 2 20 15
249 155 240 165
9 112 5 124
234 163 231 151
4 123 7 114
248 114 250 123
28 53 25 61
248 224 250 232
146 198 139 194
63 161 56 157
191 218 184 214
181 205 174 201
34 139 27 135
210 218 203 214
96 166 103 170
125 179 132 183
218 230 211 226
238 238 244 241
5 45 3 51
246 241 250 237
2 131 4 126
13 34 15 30
137 8 133 7
14 98 13 95
16 86 17 89
15 95 14 92
16 92 15 89
23 63 23 66
19 77 20 79
13 101 12 99
19 82 18 80
20 74 21 76
9 108 10 110
23 70 22 68
21 71 22 73
11 107 10 105
17 83 18 85
12 104 11 102
25 62 25 64
6 43 5 44
29 51 28 52
154 65 155 66
129 8 130 8
25 7 25 7
25 7 25 7
25 7 25 7
25 7 25 7
25 7 25 7
24 9 24 9
