244 308
165
54 151 152 175
27 141 125 165
154 173 241 195
223 193 153 175
33 153 101 169
228 200 161 184
160 184 102 169
138 4 138 59
139 112 139 60
123 56 123 107
124 55 124 4
1 145 32 153
153 172 126 166
1 117 1 144
53 150 27 144
4 97 19 77
9 136 26 140
91 98 107 102
174 122 158 118
13 118 16 103
12 121 9 135
118 106 130 109
145 114 157 117
41 83 53 86
28 79 40 82
61 89 73 92
214 134 202 131
187 126 175 123
234 140 222 137
230 275 230 287
228 250 228 262
227 249 227 237
225 224 225 212
189 127 200 130
143 113 132 110
86 96 75 93
230 201 240 196
224 200 224 211
18 83 18 94
229 263 229 274
231 299 231 288
226 225 226 236
26 160 26 150
22 203 22 193
17 257 17 247
21 214 21 204
25 171 25 161
23 192 23 182
16 258 16 268
19 226 19 236
20 225 20 215
8 137 2 144
20 278 11 276
117 105 108 103
80 287 89 288
116 290 125 291
102 288 111 289
94 289 103 290
129 294 138 295
217 307 226 306
41 279 50 280
191 303 200 304
163 297 172 298
3 104 2 113
177 299 186 300
66 285 75 286
27 277 36 278
53 283 62 284
157 298 166 299
243 180 242 189
32 280 41 281
197 302 206 303
68 283 77 284
82 285 91 286
129 292 138 293
55 281 64 282
143 294 152 295
143 296 152 297
170 300 179 301
212 306 221 305
14 251 14 242
24 181 24 172
20 183 20 192
19 202 19 193
15 241 15 232
17 221 17 212
13 252 13 261
16 231 16 222
12 262 12 271
21 182 21 173
18 237 18 246
23 162 23 153
22 163 22 172
243 143 235 141
23 276 15 274
108 291 116 292
192 301 184 302
205 305 213 304
18 211 18 203
117 292 124 293
232 300 232 307
156 296 162 297
221 136 215 135
27 279 21 278
60 88 54 87
50 282 44 282
99 287 93 287
3 103 4 98
27 78 22 77
17 95 17 100
231 307 227 306
24 152 24 148
15 273 15 269
27 145 27 149
243 148 243 144
19 78 19 82
223 194 223 198
115 290 112 289
90 97 87 96
139 293 142 294
76 286 79 287
81 285 78 284
40 279 37 278
128 292 125 293
90 288 93 289
242 190 241 193
173 298 176 299
107 291 104 290
193 301 196 302
54 281 51 280
153 297 156 298
139 295 142 296
28 279 31 280
204 305 201 304
180 301 183 302
11 275 11 272
169 300 167 299
67 283 65 282
63 284 65 285
26 277 24 276
216 305 214 304
153 295 155 296
2 114 2 116
243 177 243 179
126 2 125 3
14 275 13 276
13 119 12 120
137 3 136 2
223 307 222 307
51 283 52 283
207 303 208 303
128 294 127 294
43 281 42 281
101 288 100 288
211 306 210 306
187 300 187 300
187 300 187 300
187 300 187 300
187 300 187 300
187 300 187 300
187 300 187 300
187 300 187 300
187 300 187 300
187 300 187 300
189 303 189 303
