261 325
95
163 211 65 211
24 321 24 223
41 155 139 155
238 225 238 323
260 155 162 155
139 109 139 11
123 123 123 25
68 222 68 314
164 211 256 211
157 223 157 314
139 312 117 224
145 314 145 230
172 234 172 314
184 234 184 314
78 234 78 301
64 211 3 211
105 222 116 268
127 270 116 314
139 222 129 265
139 154 139 110
98 233 79 272
1 155 40 155
1 190 1 156
123 124 123 154
163 222 193 222
71 222 98 222
95 314 69 314
123 24 123 3
161 155 140 155
114 274 109 294
127 312 122 292
90 291 79 275
98 274 79 274
80 303 98 303
96 234 79 234
104 311 108 295
2 191 2 204
260 203 260 190
85 263 98 263
91 292 97 302
125 233 128 222
238 213 238 224
104 314 115 314
136 1 126 1
98 305 98 314
168 270 168 279
167 269 167 260
166 250 166 259
165 249 165 240
145 222 154 222
24 213 24 222
171 300 171 309
169 280 169 289
137 314 128 314
194 234 194 225
116 222 107 222
170 299 170 290
170 231 165 224
163 226 165 234
146 314 154 314
130 222 138 222
98 273 98 265
173 314 181 314
193 234 185 234
122 241 124 234
139 10 139 3
98 232 98 225
259 204 259 211
145 223 145 229
3 205 3 210
166 234 171 234
164 239 164 235
115 270 115 273
163 225 163 223
24 322 24 324
82 263 80 263
125 259 125 260
123 252 123 251
122 248 122 247
123 288 123 289
116 223 116 224
125 281 125 280
171 232 171 233
117 227 117 228
126 277 126 276
121 243 121 244
127 273 127 272
124 3 124 2
119 235 119 236
126 263 126 264
124 256 124 255
120 240 120 239
138 3 138 2
124 284 124 285
118 231 118 232
