168 317
214
78 275 78 183
79 94 79 7
65 56 65 4
64 57 64 108
85 153 45 184
84 223 84 174
85 272 85 224
123 124 86 152
44 185 8 212
95 267 95 222
94 221 94 178
43 227 43 264
39 249 39 220
38 250 38 279
101 190 101 219
102 249 102 220
42 304 16 316
160 117 167 90
51 214 46 241
44 252 52 276
106 157 88 170
141 131 159 118
19 284 19 305
22 219 22 240
20 283 20 262
17 262 17 283
16 305 16 284
19 219 19 240
127 51 147 57
3 193 8 213
141 259 123 268
18 241 18 261
21 261 21 241
87 284 105 276
148 58 166 64
138 103 132 85
61 296 78 288
43 304 60 296
159 116 141 111
139 112 124 123
122 268 106 276
74 292 90 285
101 283 85 290
137 183 137 200
45 125 33 137
94 80 82 92
65 205 68 189
140 251 140 235
138 201 138 217
134 132 134 148
135 165 135 149
139 218 139 234
136 166 136 182
52 288 38 295
150 261 136 268
132 267 146 260
21 148 32 137
118 58 107 69
57 114 46 125
106 69 95 80
64 299 78 293
115 277 129 271
57 302 43 308
118 273 104 279
39 307 25 313
67 295 53 301
145 193 145 178
141 177 141 192
100 174 100 189
37 295 37 280
65 107 76 97
2 165 13 155
29 314 42 308
54 197 52 211
65 207 67 221
68 232 70 246
44 212 44 226
147 223 147 209
149 239 149 253
140 176 140 162
148 238 148 224
143 208 143 222
145 238 145 252
146 208 146 194
142 193 142 207
139 147 139 161
42 279 42 265
143 148 143 162
144 163 144 177
144 223 144 237
40 219 40 205
103 250 103 264
142 147 142 133
138 146 138 132
41 204 52 196
103 279 91 285
52 301 40 307
131 267 119 273
102 283 114 277
94 247 94 260
89 192 89 179
92 220 92 233
91 219 91 206
1 188 1 176
90 193 90 205
93 246 93 234
53 245 53 234
167 83 167 72
128 64 128 75
127 63 127 52
75 180 73 190
63 274 61 284
23 208 23 218
15 316 15 306
20 218 20 208
64 193 64 203
69 280 67 271
9 213 18 215
71 252 72 261
57 269 56 278
60 216 61 225
60 247 59 256
72 197 71 206
67 222 68 231
2 166 2 175
52 287 52 278
67 245 67 236
107 160 107 169
44 250 52 246
43 281 51 277
14 154 20 148
119 58 125 52
79 288 86 284
61 242 62 234
73 267 74 275
66 266 65 258
69 222 70 214
57 193 58 201
88 171 88 179
18 306 18 314
66 245 66 253
133 131 133 123
129 77 131 84
89 172 93 178
45 211 51 207
63 188 57 192
58 114 63 109
45 242 44 249
141 132 141 125
59 212 59 205
58 266 58 259
64 270 64 263
137 124 137 131
68 188 71 182
140 125 134 123
62 232 61 226
70 213 71 207
146 253 146 259
141 252 141 258
166 65 166 71
150 260 150 254
73 292 68 295
84 290 79 293
130 271 135 268
52 235 47 238
106 170 101 173
63 299 58 302
55 287 60 284
84 273 79 275
101 265 96 267
56 279 55 284
72 196 73 191
139 104 140 109
78 182 78 177
24 316 28 314
83 174 79 176
73 266 72 262
70 247 71 251
63 190 63 194
69 234 68 237
61 243 60 246
67 270 66 267
73 278 70 279
69 223 68 226
2 189 2 192
65 254 65 257
79 4 77 2
90 180 92 179
19 316 19 314
19 316 19 314
19 316 19 314
23 312 23 314
58 202 58 204
66 219 66 217
63 273 63 271
147 261 149 261
66 211 66 209
19 316 19 314
60 213 60 215
72 182 73 181
67 2 66 3
44 240 45 239
80 93 81 92
78 95 77 96
53 196 54 195
52 213 52 212
59 257 59 258
142 260 143 260
53 208 53 207
57 268 57 267
22 208 21 208
66 203 66 202
21 313 21 313
21 315 21 315
