284 185
193
189 177 91 177
111 181 13 181
39 90 137 90
112 181 210 181
60 108 158 108
263 108 165 108
209 51 111 51
141 90 239 90
283 177 190 177
90 177 1 177
23 51 110 51
211 181 283 181
267 51 210 51
59 108 7 108
108 168 125 134
240 90 277 90
60 170 95 170
4 90 38 90
177 104 211 104
24 101 16 133
261 104 269 136
159 152 159 121
280 165 271 136
13 136 4 165
75 104 105 104
148 29 148 5
102 138 78 138
77 161 100 161
80 131 103 131
136 5 136 28
83 111 105 111
135 50 135 29
191 153 186 133
149 30 149 50
138 134 130 152
183 124 178 105
160 170 160 153
104 112 92 124
138 133 131 118
137 168 130 153
196 170 192 154
5 86 8 70
279 86 276 70
158 104 158 120
123 170 107 170
18 120 13 135
84 144 94 155
274 151 278 165
6 165 10 151
9 64 15 51
68 126 66 140
82 117 80 130
277 108 264 108
140 129 145 117
275 64 270 52
150 163 145 151
267 123 271 135
270 138 274 150
14 137 11 149
140 139 145 150
128 158 123 169
172 125 172 137
213 111 201 111
171 112 171 124
173 150 173 138
174 163 174 151
118 117 122 128
258 96 260 107
24 107 26 96
189 111 178 111
138 170 149 170
12 181 1 181
161 170 172 170
132 119 128 109
116 104 126 104
207 170 197 170
151 104 141 104
1 175 4 166
281 175 278 166
3 176 5 167
203 119 204 128
63 155 62 164
205 133 206 142
207 148 208 157
192 144 192 135
190 125 190 116
159 104 168 104
281 167 283 175
100 162 99 170
71 109 70 117
209 162 210 170
5 95 6 103
77 144 76 152
65 144 64 152
136 109 132 116
279 99 278 107
14 51 22 51
191 126 191 134
193 145 193 153
115 109 118 116
148 109 145 116
80 137 85 132
87 130 92 125
184 125 185 132
280 91 279 98
1 184 2 178
140 1 146 2
283 184 282 178
75 159 76 153
170 111 170 105
175 164 175 170
194 160 194 154
99 160 95 156
102 137 103 132
80 132 79 137
4 88 4 93
159 108 164 108
69 124 69 119
152 168 150 164
124 133 122 129
83 143 80 140
77 143 78 139
207 147 206 143
262 113 261 109
83 112 82 116
203 118 202 114
105 110 105 106
208 158 209 161
185 109 188 110
6 104 7 107
138 104 137 107
113 104 114 107
204 129 205 132
279 87 280 90
275 66 276 69
62 165 61 168
8 69 9 66
71 107 72 104
189 112 189 115
81 118 81 121
140 130 139 132
150 105 149 107
140 138 139 136
180 106 182 107
129 155 128 157
66 141 65 143
126 105 127 107
140 90 138 90
15 136 15 134
177 105 177 107
263 117 263 115
64 153 63 154
213 110 213 109
23 110 23 109
25 98 25 99
260 101 260 102
139 2 138 2
21 117 21 116
22 112 22 113
212 107 212 106
19 117 19 118
264 120 264 119
178 109 178 110
266 121 266 120
270 137 270 137
270 137 270 137
270 137 270 137
270 137 270 137
270 137 270 137
270 137 270 137
270 137 270 137
270 137 270 137
270 137 270 137
270 137 270 137
270 137 270 137
270 137 270 137
270 137 270 137
270 137 270 137
265 123 265 123
280 166 280 166
265 117 265 117
270 137 270 137
265 117 265 117
136 131 136 131
5 87 5 87
270 137 270 137
20 120 20 120
132 149 132 149
137 133 137 133
270 137 270 137
281 176 281 176
259 98 259 98
130 116 130 116
