168 317
237
89 94 89 4
103 57 103 4
104 58 104 108
106 283 106 236
105 188 105 235
111 193 111 239
112 286 112 240
96 164 60 136
160 212 124 185
66 248 66 206
120 249 120 290
26 111 59 135
119 208 119 248
125 234 125 273
123 184 97 165
1 90 8 117
61 195 61 170
59 221 59 246
60 196 60 220
162 206 167 184
150 262 150 241
124 212 124 233
152 284 152 305
147 262 147 241
149 305 149 284
149 219 149 240
146 240 146 219
27 259 45 268
148 263 148 283
151 283 151 263
67 185 67 205
116 302 134 310
117 300 99 292
73 283 91 291
48 272 66 280
58 261 76 269
63 276 81 284
153 316 135 308
96 229 93 248
126 293 126 274
36 85 30 103
39 268 22 260
78 260 74 242
98 292 82 284
134 308 118 300
62 276 46 268
139 314 123 307
63 281 79 288
42 272 26 265
109 301 93 294
114 194 128 204
9 117 25 111
31 200 31 183
84 90 72 78
134 135 146 147
107 298 92 291
71 234 67 218
68 174 68 190
29 218 29 234
28 251 28 235
33 149 33 165
32 182 32 166
34 132 34 148
30 201 30 217
110 113 121 124
59 67 48 56
60 67 71 78
158 158 147 147
133 135 122 124
62 157 74 166
26 207 26 192
119 267 119 282
22 193 22 208
116 220 116 235
118 251 118 266
115 204 115 219
91 96 102 106
135 310 148 316
56 278 43 272
92 254 90 268
88 234 86 248
19 253 19 239
29 161 29 147
24 163 24 177
23 252 23 238
30 132 30 146
117 236 117 250
25 208 25 222
24 237 24 223
27 177 27 191
21 209 21 223
28 162 28 176
23 178 23 192
26 133 26 147
25 148 25 162
20 238 20 224
22 127 11 119
80 288 92 294
122 307 110 301
69 210 73 198
16 59 28 55
96 226 98 214
79 224 79 212
58 247 58 259
40 63 40 75
41 50 41 62
79 182 75 193
68 218 78 224
62 158 62 169
1 82 1 71
115 197 118 207
76 256 67 251
86 249 84 259
150 316 150 306
22 263 22 253
78 181 70 175
145 208 145 218
148 218 148 208
11 61 2 65
94 263 95 272
99 253 100 262
100 200 99 209
97 236 98 245
95 186 94 195
88 213 89 222
83 172 84 181
86 197 87 206
101 270 102 279
78 261 78 270
166 166 166 175
153 306 153 315
79 181 79 172
38 51 30 54
159 158 165 164
47 272 40 268
71 207 78 211
115 302 108 298
102 188 101 196
129 216 128 208
92 193 93 201
94 210 95 218
35 123 35 131
114 203 114 195
91 190 91 182
96 181 102 186
158 212 151 214
39 77 37 84
47 56 42 51
83 262 82 269
94 209 93 202
167 176 167 183
31 131 31 124
27 125 27 132
85 185 85 192
18 254 18 261
80 170 75 166
27 110 29 104
88 275 90 269
90 224 89 230
99 252 98 246
100 263 101 269
72 235 73 241
2 64 2 70
27 258 27 252
67 280 72 283
57 278 62 281
109 113 105 109
82 272 87 274
101 281 96 279
87 207 88 212
85 173 89 176
90 177 90 182
93 261 93 256
125 292 121 290
140 314 144 316
111 286 107 284
106 189 110 191
88 93 85 90
67 215 68 211
93 249 92 253
95 219 95 223
128 215 125 213
75 194 74 197
15 60 12 61
95 273 96 276
99 210 98 213
86 196 86 193
161 210 161 207
118 209 116 207
32 124 34 123
25 129 23 128
88 233 89 231
23 264 25 265
96 183 95 185
100 199 101 197
21 261 19 262
94 244 94 246
97 233 97 235
84 182 84 184
92 190 92 192
39 51 40 50
94 238 95 239
68 205 69 206
101 2 102 3
90 3 91 2
84 260 83 261
91 265 91 264
97 223 97 224
95 233 95 232
96 227 96 228
10 118 9 118
146 208 147 208
91 257 91 258
128 207 128 207
128 207 128 207
128 207 128 207
128 207 128 207
128 207 128 207
128 207 128 207
128 207 128 207
128 207 128 207
128 207 128 207
128 207 128 207
128 207 128 207
128 207 128 207
128 207 128 207
128 207 128 207
128 207 128 207
26 260 26 260
128 207 128 207
26 260 26 260
26 260 26 260
26 260 26 260
128 207 128 207
26 260 26 260
19 261 19 261
93 252 93 252
