45 294
112
44 229 44 142
1 143 1 230
43 230 43 274
2 231 2 274
3 18 3 36
5 55 5 73
41 63 41 46
4 37 4 54
40 64 40 81
17 1 34 1
42 45 42 28
14 12 28 12
2 5 2 17
31 12 41 9
12 1 3 4
3 8 12 11
6 74 6 83
43 18 43 27
39 91 39 82
35 2 43 4
40 7 38 4
43 5 43 8
7 8 5 6
33 96 35 95
14 2 14 4
35 5 35 3
8 4 8 6
31 2 31 4
10 5 10 3
38 6 39 7
12 96 11 96
23 3 23 3
23 3 23 3
23 3 23 3
23 3 23 3
23 3 23 3
19 98 19 98
3 284 3 284
37 290 37 290
19 98 19 98
27 11 27 11
34 106 34 106
23 11 23 11
19 98 19 98
19 98 19 98
23 98 23 98
42 284 42 284
19 98 19 98
19 98 19 98
4 93 4 93
19 98 19 98
26 98 26 98
19 98 19 98
3 284 3 284
19 98 19 98
18 11 18 11
42 277 42 277
23 3 23 3
23 3 23 3
23 3 23 3
23 107 23 107
23 3 23 3
44 100 44 100
23 3 23 3
2 280 2 280
14 10 14 10
23 3 23 3
23 3 23 3
39 104 39 104
3 102 3 102
23 3 23 3
6 91 6 91
23 3 23 3
23 3 23 3
40 287 40 287
23 3 23 3
23 3 23 3
23 3 23 3
23 3 23 3
23 3 23 3
23 3 23 3
23 3 23 3
8 290 8 290
23 3 23 3
23 3 23 3
23 3 23 3
23 3 23 3
23 3 23 3
23 3 23 3
19 98 19 98
44 95 44 95
19 98 19 98
19 98 19 98
19 98 19 98
23 3 23 3
23 3 23 3
42 93 42 93
19 98 19 98
23 3 23 3
19 98 19 98
19 98 19 98
19 98 19 98
23 3 23 3
9 93 9 93
19 98 19 98
19 98 19 98
23 3 23 3
19 98 19 98
19 98 19 98
19 98 19 98
23 3 23 3
1 100 1 100
