123 287
89
75 131 89 173
115 249 102 210
62 93 74 130
90 174 101 209
13 55 5 31
22 104 17 84
31 134 36 154
63 248 68 268
61 243 56 223
40 166 45 186
54 218 49 198
29 129 24 109
116 250 122 269
55 73 61 92
43 50 39 34
36 26 32 11
17 66 14 56
4 30 1 20
39 165 37 155
9 3 19 1
7 4 1 10
48 196 46 188
29 4 23 1
38 33 37 27
70 274 69 269
15 78 16 83
44 51 45 56
62 247 62 244
55 222 55 219
30 133 30 130
23 108 23 105
1 18 1 15
118 270 116 269
88 274 86 274
93 271 94 272
44 61 43 60
106 268 105 269
117 273 118 272
29 63 30 63
102 281 102 282
73 284 73 285
108 280 107 280
33 62 34 62
110 273 110 273
77 283 77 283
111 277 111 277
16 74 16 74
81 281 81 281
105 276 105 276
20 68 20 68
114 278 114 278
81 277 81 277
117 267 117 267
95 279 95 279
82 285 82 285
53 66 53 66
51 64 51 64
23 65 23 65
118 275 118 275
80 279 80 279
115 275 115 275
96 283 96 283
86 285 86 285
86 285 86 285
121 273 121 273
86 285 86 285
86 285 86 285
86 285 86 285
86 285 86 285
86 285 86 285
86 285 86 285
86 285 86 285
86 285 86 285
86 285 86 285
86 285 86 285
86 285 86 285
84 277 84 277
86 285 86 285
120 267 120 267
91 284 91 284
113 271 113 271
76 279 76 279
79 285 79 285
114 269 114 269
39 61 39 61
86 285 86 285
74 282 74 282
85 281 85 281
90 280 90 280
