121 316
62
60 248 45 187
36 155 21 95
75 305 61 249
49 60 40 21
37 156 44 186
85 170 90 190
114 276 109 256
78 145 83 165
102 233 97 213
68 111 63 91
71 120 76 140
49 61 54 80
91 191 95 208
107 251 103 234
16 61 12 45
115 277 119 293
11 44 7 28
17 62 20 74
10 4 22 1
6 27 3 15
8 5 1 9
69 112 70 119
62 90 61 85
21 75 22 80
48 81 52 81
96 212 96 209
2 14 2 11
84 166 84 169
27 88 24 88
108 255 108 252
77 144 77 141
28 85 28 87
39 83 39 82
35 90 35 90
35 90 35 90
35 90 35 90
35 90 35 90
35 90 35 90
35 90 35 90
35 90 35 90
35 90 35 90
35 90 35 90
35 90 35 90
35 90 35 90
35 90 35 90
35 90 35 90
35 90 35 90
35 90 35 90
35 90 35 90
51 86 51 86
46 87 46 87
45 82 45 82
55 85 55 85
35 90 35 90
40 88 40 88
26 93 26 93
116 307 116 307
35 90 35 90
58 84 58 84
112 310 112 310
35 84 35 84
78 315 78 315
