121 316
51
78 185 63 246
101 97 86 156
50 296 62 247
82 17 73 57
85 157 79 184
14 255 20 231
43 147 37 171
6 284 12 260
29 198 23 222
55 106 60 86
54 107 49 127
44 146 48 128
32 189 36 172
107 54 103 70
108 53 112 37
86 1 82 16
69 73 73 58
109 4 95 1
113 36 116 24
102 71 99 83
49 297 47 306
3 294 5 285
111 5 119 9
21 230 22 223
31 190 30 197
87 1 94 1
98 84 97 89
118 18 117 23
70 82 73 82
13 256 13 259
61 85 61 87
82 84 83 83
92 87 93 86
99 95 100 96
93 88 93 88
93 88 93 88
93 88 93 88
93 88 93 88
93 88 93 88
89 86 89 86
91 92 91 92
76 87 76 87
68 81 68 81
15 312 15 312
5 308 5 308
93 88 93 88
72 81 72 81
86 85 86 85
96 93 96 93
66 86 66 86
87 90 87 90
